<?xml version="1.0" encoding="utf-8"?>
<COLLADA xmlns="http://www.collada.org/2005/11/COLLADASchema" version="1.4.1">
  <asset>
    <contributor>
      <author>Mixamo</author>
      <authoring_tool>COLLADA Mixamo exporter</authoring_tool>
      <comments/>
    </contributor>
    <created>2025-11-20T14:12:52Z</created>
    <modified>2025-11-20T14:12:52Z</modified>
    <revision/>
    <title/>
    <unit meter="0.010000"/>
    <up_axis>Y_UP</up_axis>
  </asset>
  <library_animations>
    <animation id="mixamorig_Hips-anim" name="mixamorig_Hips">
      <source id="mixamorig_Hips-Matrix-animation-input">
        <float_array id="mixamorig_Hips-Matrix-animation-input-array" count="15">

0.000000 0.033333 0.066667 0.100000 0.133333 0.166667 0.200000 0.233333 0.266667 0.300000 0.333333 0.366667 0.400000 0.433333 0.466667</float_array>
        <technique_common>
          <accessor source="#mixamorig_Hips-Matrix-animation-input-array" count="15">
            <param name="TIME" type="float"/>
          </accessor>
        </technique_common>
      </source>
      <source id="mixamorig_Hips-Matrix-animation-output-transform">
        <float_array id="mixamorig_Hips-Matrix-animation-output-transform-array" count="240">

0.766783 0.124769 -0.629663 0.291338 0.027151 0.973746 0.226014 114.381065 0.641332 -0.190400 0.743264 0.027994 0.000000 0.000000 0.000000 1.000000
0.766701 0.127446 -0.629227 0.445687 0.025231 0.973360 0.227891 114.354355 0.641508 -0.190600 0.743060 -0.064532 0.000000 0.000000 0.000000 1.000000
0.756801 0.132476 -0.640080 0.469425 0.030149 0.971130 0.236639 114.327240 0.652950 -0.198386 0.730958 -0.219016 0.000000 0.000000 0.000000 1.000000
0.734926 0.144638 -0.662544 0.500786 0.041479 0.965574 0.256802 114.336052 0.676878 -0.216212 0.703625 -0.607710 0.000000 0.000000 0.000000 1.000000
0.725842 0.155394 -0.670079 0.707266 0.041216 0.962573 0.267871 114.249901 0.686625 -0.222050 0.692271 -1.586810 0.000000 0.000000 0.000000 1.000000
0.740968 0.156188 -0.653125 0.939576 0.029022 0.964220 0.263509 114.135490 0.670913 -0.214207 0.709923 -2.822712 0.000000 0.000000 0.000000 1.000000
0.760078 0.151961 -0.631814 1.136405 0.016910 0.967319 0.252998 114.116364 0.649612 -0.202982 0.732668 -3.697073 0.000000 0.000000 0.000000 1.000000
0.770620 0.147301 -0.620038 1.260138 0.009115 0.970275 0.241834 114.169647 0.637230 -0.192014 0.746370 -3.982543 0.000000 0.000000 0.000000 1.000000
0.774060 0.144206 -0.616470 1.196648 0.004460 0.972448 0.233078 114.182892 0.633096 -0.183166 0.752090 -3.762893 0.000000 0.000000 0.000000 1.000000
0.774312 0.139955 -0.617134 0.954355 0.006988 0.973286 0.229491 114.217232 0.632766 -0.182010 0.752648 -2.918302 0.000000 0.000000 0.000000 1.000000
0.772591 0.134362 -0.620524 0.634030 0.014017 0.973503 0.228245 114.273018 0.634750 -0.185038 0.750236 -1.670255 0.000000 0.000000 0.000000 1.000000
0.770272 0.129532 -0.624422 0.434740 0.020509 0.973616 0.227269 114.329926 0.637386 -0.187865 0.747293 -0.765489 0.000000 0.000000 0.000000 1.000000
0.768914 0.127490 -0.626512 0.368595 0.023316 0.973674 0.226751 114.352844 0.638926 -0.188960 0.745699 -0.418016 0.000000 0.000000 0.000000 1.000000
0.767717 0.125900 -0.628299 0.321806 0.025542 0.973717 0.226325 114.369858 0.640280 -0.189801 0.744323 -0.154619 0.000000 0.000000 0.000000 1.000000
0.766783 0.124769 -0.629663 0.291333 0.027151 0.973746 0.226014 114.381111 0.641332 -0.190400 0.743264 0.027986 0.000000 0.000000 0.000000 1.000000</float_array>
        <technique_common>
          <accessor source="#mixamorig_Hips-Matrix-animation-output-transform-array" count="15" stride="16">
            <param type="float4x4"/>
          </accessor>
        </technique_common>
      </source>
      <source id="mixamorig_Hips-Interpolations">
        <Name_array id="mixamorig_Hips-Interpolations-array" count="15">
 LINEAR LINEAR LINEAR LINEAR LINEAR LINEAR LINEAR LINEAR LINEAR LINEAR LINEAR
LINEAR LINEAR LINEAR LINEAR</Name_array>
        <technique_common>
          <accessor source="#mixamorig_Hips-Interpolations-array" count="15">
            <param type="name"/>
          </accessor>
        </technique_common>
      </source>
      <sampler id="mixamorig_Hips-Matrix-animation-transform">
        <input semantic="INPUT" source="#mixamorig_Hips-Matrix-animation-input"/>
        <input semantic="OUTPUT" source="#mixamorig_Hips-Matrix-animation-output-transform"/>
        <input semantic="INTERPOLATION" source="#mixamorig_Hips-Interpolations"/>
      </sampler>
      <channel source="#mixamorig_Hips-Matrix-animation-transform" target="mixamorig_Hips/matrix"/>
    </animation>
    <animation id="mixamorig_Spine-anim" name="mixamorig_Spine">
      <source id="mixamorig_Spine-Matrix-animation-input">
        <float_array id="mixamorig_Spine-Matrix-animation-input-array" count="15">

0.000000 0.033333 0.066667 0.100000 0.133333 0.166667 0.200000 0.233333 0.266667 0.300000 0.333333 0.366667 0.400000 0.433333 0.466667</float_array>
        <technique_common>
          <accessor source="#mixamorig_Spine-Matrix-animation-input-array" count="15">
            <param name="TIME" type="float"/>
          </accessor>
        </technique_common>
      </source>
      <source id="mixamorig_Spine-Matrix-animation-output-transform">
        <float_array id="mixamorig_Spine-Matrix-animation-output-transform-array" count="240">

0.999994 0.003535 -0.000520 -0.006600 -0.003572 0.992745 -0.120185 10.822600 0.000091 0.120186 0.992751 -0.430700 0.000000 0.000000 0.000000 1.000000
0.999985 0.003942 -0.003812 -0.006600 -0.004371 0.992771 -0.119941 10.822600 0.003311 0.119955 0.992774 -0.430700 0.000000 0.000000 0.000000 1.000000
0.999753 -0.000966 -0.022193 -0.006600 -0.001624 0.993204 -0.116373 10.822600 0.022155 0.116381 0.992958 -0.430700 0.000000 0.000000 0.000000 1.000000
0.999318 -0.003800 -0.036732 -0.006600 -0.000312 0.993789 -0.111278 10.822600 0.036927 0.111213 0.993110 -0.430700 0.000000 0.000000 0.000000 1.000000
0.999566 -0.005229 -0.028984 -0.006600 0.001818 0.993190 -0.116494 10.822600 0.029395 0.116391 0.992768 -0.430700 0.000000 0.000000 0.000000 1.000000
0.999653 -0.006556 -0.025512 -0.006600 0.003340 0.992260 -0.124132 10.822600 0.026129 0.124004 0.991938 -0.430700 0.000000 0.000000 0.000000 1.000000
0.999749 -0.005402 -0.021722 -0.006600 0.002574 0.991752 -0.128150 10.822600 0.022235 0.128062 0.991517 -0.430700 0.000000 0.000000 0.000000 1.000000
0.999925 -0.004028 -0.011592 -0.006600 0.002493 0.991575 -0.129511 10.822600 0.012016 0.129473 0.991510 -0.430700 0.000000 0.000000 0.000000 1.000000
0.999984 -0.003271 -0.004648 -0.006600 0.002644 0.991630 -0.129089 10.822600 0.005032 0.129074 0.991622 -0.430700 0.000000 0.000000 0.000000 1.000000
0.999996 0.000208 -0.002702 -0.006600 -0.000552 0.991762 -0.128095 10.822600 0.002653 0.128096 0.991758 -0.430700 0.000000 0.000000 0.000000 1.000000
0.999995 0.002660 -0.001623 -0.006600 -0.002842 0.992099 -0.125423 10.822600 0.001276 0.125427 0.992102 -0.430700 0.000000 0.000000 0.000000 1.000000
0.999994 0.003407 -0.001133 -0.006600 -0.003520 0.992429 -0.122769 10.822600 0.000706 0.122773 0.992435 -0.430700 0.000000 0.000000 0.000000 1.000000
0.999994 0.003490 -0.000897 -0.006600 -0.003573 0.992564 -0.121670 10.822600 0.000465 0.121673 0.992570 -0.430700 0.000000 0.000000 0.000000 1.000000
0.999994 0.003522 -0.000686 -0.006600 -0.003579 0.992663 -0.120858 10.822600 0.000255 0.120860 0.992670 -0.430700 0.000000 0.000000 0.000000 1.000000
0.999994 0.003536 -0.000521 -0.006600 -0.003573 0.992729 -0.120315 10.822600 0.000092 0.120316 0.992736 -0.430700 0.000000 0.000000 0.000000 1.000000</float_array>
        <technique_common>
          <accessor source="#mixamorig_Spine-Matrix-animation-output-transform-array" count="15" stride="16">
            <param type="float4x4"/>
          </accessor>
        </technique_common>
      </source>
      <source id="mixamorig_Spine-Interpolations">
        <Name_array id="mixamorig_Spine-Interpolations-array" count="15">
 LINEAR LINEAR LINEAR LINEAR LINEAR LINEAR LINEAR LINEAR LINEAR LINEAR LINEAR
LINEAR LINEAR LINEAR LINEAR</Name_array>
        <technique_common>
          <accessor source="#mixamorig_Spine-Interpolations-array" count="15">
            <param type="name"/>
          </accessor>
        </technique_common>
      </source>
      <sampler id="mixamorig_Spine-Matrix-animation-transform">
        <input semantic="INPUT" source="#mixamorig_Spine-Matrix-animation-input"/>
        <input semantic="OUTPUT" source="#mixamorig_Spine-Matrix-animation-output-transform"/>
        <input semantic="INTERPOLATION" source="#mixamorig_Spine-Interpolations"/>
      </sampler>
      <channel source="#mixamorig_Spine-Matrix-animation-transform" target="mixamorig_Spine/matrix"/>
    </animation>
    <animation id="mixamorig_Spine1-anim" name="mixamorig_Spine1">
      <source id="mixamorig_Spine1-Matrix-animation-input">
        <float_array id="mixamorig_Spine1-Matrix-animation-input-array" count="15">

0.000000 0.033333 0.066667 0.100000 0.133333 0.166667 0.200000 0.233333 0.266667 0.300000 0.333333 0.366667 0.400000 0.433333 0.466667</float_array>
        <technique_common>
          <accessor source="#mixamorig_Spine1-Matrix-animation-input-array" count="15">
            <param name="TIME" type="float"/>
          </accessor>
        </technique_common>
      </source>
      <source id="mixamorig_Spine1-Matrix-animation-output-transform">
        <float_array id="mixamorig_Spine1-Matrix-animation-output-transform-array" count="240">

0.999912 0.012951 -0.002739 0.000000 -0.013168 0.952093 -0.305524 12.655100 -0.001349 0.305533 0.952180 0.000000 0.000000 0.000000 0.000000 1.000000
0.999914 0.012735 -0.003238 0.000000 -0.013115 0.952305 -0.304865 12.655100 -0.000799 0.304882 0.952390 -0.000000 0.000000 0.000000 0.000000 1.000000
0.999917 0.010964 -0.006710 0.000000 -0.012482 0.952863 -0.303145 12.655100 0.003070 0.303204 0.952921 -0.000000 0.000000 0.000000 0.000000 1.000000
0.999920 0.009091 -0.008821 0.000000 -0.011341 0.952671 -0.303792 12.655100 0.005641 0.303868 0.952697 0.000000 0.000000 0.000000 0.000000 1.000000
0.999936 0.008409 -0.007507 0.000000 -0.010302 0.952000 -0.305925 12.655100 0.004574 0.305983 0.952026 -0.000000 0.000000 0.000000 0.000000 1.000000
0.999943 0.008281 -0.006752 0.000000 -0.009950 0.951993 -0.305959 12.655100 0.003895 0.306009 0.952021 0.000000 0.000000 0.000000 0.000000 1.000000
0.999943 0.008881 -0.005972 0.000000 -0.010283 0.951879 -0.306301 12.655100 0.002965 0.306345 0.951916 -0.000000 0.000000 0.000000 0.000000 1.000000
0.999937 0.010334 -0.004457 0.000000 -0.011203 0.951501 -0.307441 12.655100 0.001064 0.307471 0.951557 0.000000 0.000000 0.000000 0.000000 1.000000
0.999920 0.012056 -0.003733 -0.000000 -0.012620 0.951440 -0.307576 12.655100 -0.000157 0.307599 0.951516 0.000000 0.000000 0.000000 0.000000 1.000000
0.999906 0.013240 -0.003494 -0.000000 -0.013673 0.951524 -0.307269 12.655100 -0.000744 0.307288 0.951616 0.000000 0.000000 0.000000 0.000000 1.000000
0.999902 0.013598 -0.003227 0.000000 -0.013933 0.951698 -0.306721 12.655100 -0.001100 0.306736 0.951794 0.000000 0.000000 0.000000 0.000000 1.000000
0.999907 0.013327 -0.003021 -0.000000 -0.013612 0.951907 -0.306084 12.655100 -0.001203 0.306097 0.952000 -0.000000 0.000000 0.000000 0.000000 1.000000
0.999909 0.013158 -0.002898 0.000000 -0.013413 0.951992 -0.305830 12.655100 -0.001265 0.305841 0.952082 0.000000 0.000000 0.000000 0.000000 1.000000
0.999911 0.013032 -0.002788 -0.000000 -0.013260 0.952053 -0.305646 12.655100 -0.001328 0.305655 0.952141 -0.000000 0.000000 0.000000 0.000000 1.000000
0.999912 0.012951 -0.002703 0.000000 -0.013158 0.952093 -0.305525 12.655100 -0.001384 0.305534 0.952180 0.000000 0.000000 0.000000 0.000000 1.000000</float_array>
        <technique_common>
          <accessor source="#mixamorig_Spine1-Matrix-animation-output-transform-array" count="15" stride="16">
            <param type="float4x4"/>
          </accessor>
        </technique_common>
      </source>
      <source id="mixamorig_Spine1-Interpolations">
        <Name_array id="mixamorig_Spine1-Interpolations-array" count="15">
 LINEAR LINEAR LINEAR LINEAR LINEAR LINEAR LINEAR LINEAR LINEAR LINEAR LINEAR
LINEAR LINEAR LINEAR LINEAR</Name_array>
        <technique_common>
          <accessor source="#mixamorig_Spine1-Interpolations-array" count="15">
            <param type="name"/>
          </accessor>
        </technique_common>
      </source>
      <sampler id="mixamorig_Spine1-Matrix-animation-transform">
        <input semantic="INPUT" source="#mixamorig_Spine1-Matrix-animation-input"/>
        <input semantic="OUTPUT" source="#mixamorig_Spine1-Matrix-animation-output-transform"/>
        <input semantic="INTERPOLATION" source="#mixamorig_Spine1-Interpolations"/>
      </sampler>
      <channel source="#mixamorig_Spine1-Matrix-animation-transform" target="mixamorig_Spine1/matrix"/>
    </animation>
    <animation id="mixamorig_Spine2-anim" name="mixamorig_Spine2">
      <source id="mixamorig_Spine2-Matrix-animation-input">
        <float_array id="mixamorig_Spine2-Matrix-animation-input-array" count="15">

0.000000 0.033333 0.066667 0.100000 0.133333 0.166667 0.200000 0.233333 0.266667 0.300000 0.333333 0.366667 0.400000 0.433333 0.466667</float_array>
        <technique_common>
          <accessor source="#mixamorig_Spine2-Matrix-animation-input-array" count="15">
            <param name="TIME" type="float"/>
          </accessor>
        </technique_common>
      </source>
      <source id="mixamorig_Spine2-Matrix-animation-output-transform">
        <float_array id="mixamorig_Spine2-Matrix-animation-output-transform-array" count="240">

0.999915 0.012457 -0.003912 0.000000 -0.013055 0.959161 -0.282559 14.459700 0.000232 0.282586 0.959242 0.000000 0.000000 0.000000 0.000000 1.000000
0.999914 0.012325 -0.004422 0.000000 -0.013071 0.959355 -0.281900 14.459700 0.000768 0.281933 0.959434 0.000000 0.000000 0.000000 0.000000 1.000000
0.999913 0.010580 -0.007932 0.000000 -0.012379 0.959862 -0.280200 14.459700 0.004649 0.280274 0.959909 0.000000 0.000000 0.000000 0.000000 1.000000
0.999911 0.008757 -0.010041 -0.000000 -0.011225 0.959677 -0.280881 14.459700 0.007176 0.280969 0.959690 0.000000 0.000000 0.000000 0.000000 1.000000
0.999930 0.008061 -0.008687 -0.000000 -0.010190 0.959063 -0.283011 14.459700 0.006050 0.283080 0.959077 0.000000 0.000000 0.000000 0.000000 1.000000
0.999937 0.007966 -0.007946 0.000000 -0.009889 0.959059 -0.283034 14.459700 0.005366 0.283095 0.959077 -0.000000 0.000000 0.000000 0.000000 1.000000
0.999938 0.008566 -0.007135 0.000000 -0.010237 0.958955 -0.283373 14.459700 0.004415 0.283428 0.958983 0.000000 0.000000 0.000000 0.000000 1.000000
0.999934 0.009990 -0.005607 -0.000000 -0.011172 0.958610 -0.284504 14.459700 0.002533 0.284548 0.958658 0.000000 0.000000 0.000000 0.000000 1.000000
0.999920 0.011682 -0.004906 -0.000000 -0.012595 0.958554 -0.284634 14.459700 0.001377 0.284673 0.958624 0.000000 0.000000 0.000000 0.000000 1.000000
0.999906 0.012854 -0.004683 -0.000000 -0.013655 0.958631 -0.284324 14.459700 0.000834 0.284361 0.958717 0.000000 0.000000 0.000000 0.000000 1.000000
0.999903 0.013208 -0.004424 0.000000 -0.013920 0.958792 -0.283768 14.459700 0.000493 0.283802 0.958883 0.000000 0.000000 0.000000 0.000000 1.000000
0.999907 0.012939 -0.004209 -0.000000 -0.013601 0.958987 -0.283125 14.459700 0.000373 0.283156 0.959074 0.000000 0.000000 0.000000 0.000000 1.000000
0.999910 0.012768 -0.004083 -0.000000 -0.013401 0.959065 -0.282868 14.459700 0.000304 0.282897 0.959150 0.000000 0.000000 0.000000 0.000000 1.000000
0.999912 0.012632 -0.004005 0.000000 -0.013249 0.959122 -0.282681 14.459700 0.000270 0.282709 0.959206 0.000000 0.000000 0.000000 0.000000 1.000000
0.999913 0.012537 -0.004013 0.000000 -0.013160 0.959160 -0.282558 14.459700 0.000306 0.282586 0.959242 0.000000 0.000000 0.000000 0.000000 1.000000</float_array>
        <technique_common>
          <accessor source="#mixamorig_Spine2-Matrix-animation-output-transform-array" count="15" stride="16">
            <param type="float4x4"/>
          </accessor>
        </technique_common>
      </source>
      <source id="mixamorig_Spine2-Interpolations">
        <Name_array id="mixamorig_Spine2-Interpolations-array" count="15">
 LINEAR LINEAR LINEAR LINEAR LINEAR LINEAR LINEAR LINEAR LINEAR LINEAR LINEAR
LINEAR LINEAR LINEAR LINEAR</Name_array>
        <technique_common>
          <accessor source="#mixamorig_Spine2-Interpolations-array" count="15">
            <param type="name"/>
          </accessor>
        </technique_common>
      </source>
      <sampler id="mixamorig_Spine2-Matrix-animation-transform">
        <input semantic="INPUT" source="#mixamorig_Spine2-Matrix-animation-input"/>
        <input semantic="OUTPUT" source="#mixamorig_Spine2-Matrix-animation-output-transform"/>
        <input semantic="INTERPOLATION" source="#mixamorig_Spine2-Interpolations"/>
      </sampler>
      <channel source="#mixamorig_Spine2-Matrix-animation-transform" target="mixamorig_Spine2/matrix"/>
    </animation>
    <animation id="mixamorig_Neck-anim" name="mixamorig_Neck">
      <source id="mixamorig_Neck-Matrix-animation-input">
        <float_array id="mixamorig_Neck-Matrix-animation-input-array" count="15">

0.000000 0.033333 0.066667 0.100000 0.133333 0.166667 0.200000 0.233333 0.266667 0.300000 0.333333 0.366667 0.400000 0.433333 0.466667</float_array>
        <technique_common>
          <accessor source="#mixamorig_Neck-Matrix-animation-input-array" count="15">
            <param name="TIME" type="float"/>
          </accessor>
        </technique_common>
      </source>
      <source id="mixamorig_Neck-Matrix-animation-output-transform">
        <float_array id="mixamorig_Neck-Matrix-animation-output-transform-array" count="240">

0.991384 -0.015641 0.130051 -0.000000 0.014812 0.999863 0.007339 16.135700 -0.130148 -0.005349 0.991480 -0.000000 0.000000 0.000000 0.000000 1.000000
0.991021 -0.011025 0.133251 0.000000 0.011175 0.999937 -0.000376 16.135700 -0.133238 0.001862 0.991082 0.000000 0.000000 0.000000 0.000000 1.000000
0.988289 0.019877 0.151294 -0.000000 -0.017516 0.999703 -0.016924 16.135700 -0.151586 0.014076 0.988344 0.000000 0.000000 0.000000 0.000000 1.000000
0.986581 0.031577 0.160187 0.000000 -0.029846 0.999467 -0.013200 16.135700 -0.160519 0.008242 0.986998 -0.000000 0.000000 0.000000 0.000000 1.000000
0.988419 0.010737 0.151372 0.000000 -0.010898 0.999941 0.000231 16.135700 -0.151361 -0.001878 0.988477 0.000000 0.000000 0.000000 0.000000 1.000000
0.990353 -0.009432 0.138249 0.000000 0.011454 0.999839 -0.013844 16.135700 -0.138096 0.015294 0.990301 0.000000 0.000000 0.000000 0.000000 1.000000
0.991567 -0.023908 0.127370 0.000000 0.028475 0.999011 -0.034161 16.135700 -0.126427 0.037500 0.991267 0.000000 0.000000 0.000000 0.000000 1.000000
0.991909 -0.032551 0.122704 0.000000 0.038295 0.998264 -0.044743 16.135700 -0.121035 0.049080 0.991434 0.000000 0.000000 0.000000 0.000000 1.000000
0.991894 -0.036538 0.121705 0.000000 0.042817 0.997862 -0.049384 16.135700 -0.119641 0.054195 0.991337 0.000000 0.000000 0.000000 0.000000 1.000000
0.991828 -0.036096 0.122368 0.000000 0.041423 0.998289 -0.041266 16.135700 -0.120669 0.045998 0.991626 0.000000 0.000000 0.000000 0.000000 1.000000
0.991690 -0.029437 0.125234 0.000000 0.032549 0.999208 -0.022875 16.135700 -0.124461 0.026761 0.991863 0.000000 0.000000 0.000000 0.000000 1.000000
0.991524 -0.022014 0.128048 -0.000000 0.023178 0.999702 -0.007609 16.135700 -0.127843 0.010512 0.991739 0.000000 0.000000 0.000000 0.000000 1.000000
0.991457 -0.019078 0.129029 -0.000000 0.019393 0.999811 -0.001189 16.135700 -0.128982 0.003681 0.991640 0.000000 0.000000 0.000000 0.000000 1.000000
0.991411 -0.016988 0.129673 -0.000000 0.016635 0.999854 0.003803 16.135700 -0.129718 -0.001613 0.991550 -0.000000 0.000000 0.000000 0.000000 1.000000
0.991384 -0.015641 0.130051 0.000000 0.014812 0.999863 0.007339 16.135700 -0.130148 -0.005349 0.991480 -0.000000 0.000000 0.000000 0.000000 1.000000</float_array>
        <technique_common>
          <accessor source="#mixamorig_Neck-Matrix-animation-output-transform-array" count="15" stride="16">
            <param type="float4x4"/>
          </accessor>
        </technique_common>
      </source>
      <source id="mixamorig_Neck-Interpolations">
        <Name_array id="mixamorig_Neck-Interpolations-array" count="15">
 LINEAR LINEAR LINEAR LINEAR LINEAR LINEAR LINEAR LINEAR LINEAR LINEAR LINEAR
LINEAR LINEAR LINEAR LINEAR</Name_array>
        <technique_common>
          <accessor source="#mixamorig_Neck-Interpolations-array" count="15">
            <param type="name"/>
          </accessor>
        </technique_common>
      </source>
      <sampler id="mixamorig_Neck-Matrix-animation-transform">
        <input semantic="INPUT" source="#mixamorig_Neck-Matrix-animation-input"/>
        <input semantic="OUTPUT" source="#mixamorig_Neck-Matrix-animation-output-transform"/>
        <input semantic="INTERPOLATION" source="#mixamorig_Neck-Interpolations"/>
      </sampler>
      <channel source="#mixamorig_Neck-Matrix-animation-transform" target="mixamorig_Neck/matrix"/>
    </animation>
    <animation id="mixamorig_Head-anim" name="mixamorig_Head">
      <source id="mixamorig_Head-Matrix-animation-input">
        <float_array id="mixamorig_Head-Matrix-animation-input-array" count="15">

0.000000 0.033333 0.066667 0.100000 0.133333 0.166667 0.200000 0.233333 0.266667 0.300000 0.333333 0.366667 0.400000 0.433333 0.466667</float_array>
        <technique_common>
          <accessor source="#mixamorig_Head-Matrix-animation-input-array" count="15">
            <param name="TIME" type="float"/>
          </accessor>
        </technique_common>
      </source>
      <source id="mixamorig_Head-Matrix-animation-output-transform">
        <float_array id="mixamorig_Head-Matrix-animation-output-transform-array" count="240">

0.909682 -0.133409 0.393295 -0.000000 0.165004 0.985150 -0.047478 6.791300 -0.381121 0.108085 0.918186 0.000000 0.000000 0.000000 0.000000 1.000000
0.906992 -0.133979 0.399268 0.000000 0.167493 0.984600 -0.050089 6.791300 -0.386408 0.112306 0.915465 0.000000 0.000000 0.000000 0.000000 1.000000
0.896090 -0.117671 0.427991 -0.000000 0.163423 0.983952 -0.071635 6.791300 -0.412694 0.134134 0.900939 0.000000 0.000000 0.000000 0.000000 1.000000
0.891765 -0.078379 0.445658 0.000000 0.145769 0.982141 -0.118953 6.791300 -0.428376 0.171041 0.887265 0.000000 0.000000 0.000000 0.000000 1.000000
0.891831 -0.096752 0.441901 0.000000 0.152640 0.983931 -0.092627 6.791300 -0.425838 0.150059 0.892269 0.000000 0.000000 0.000000 0.000000 1.000000
0.898842 -0.135766 0.416715 -0.000000 0.175751 0.982669 -0.058937 6.791300 -0.401491 0.126213 0.907125 0.000000 0.000000 0.000000 0.000000 1.000000
0.906088 -0.162230 0.390751 0.000000 0.191183 0.980891 -0.036080 6.791300 -0.377431 0.107396 0.919789 0.000000 0.000000 0.000000 0.000000 1.000000
0.906827 -0.175314 0.383314 0.000000 0.197227 0.980187 -0.018287 6.791300 -0.372513 0.092183 0.923437 0.000000 0.000000 0.000000 0.000000 1.000000
0.905228 -0.181979 0.383987 0.000000 0.199625 0.979852 -0.006234 6.791300 -0.375116 0.082297 0.923317 0.000000 0.000000 0.000000 0.000000 1.000000
0.905430 -0.175795 0.386384 -0.000000 0.195118 0.980718 -0.011026 6.791300 -0.376995 0.085374 0.922272 0.000000 0.000000 0.000000 0.000000 1.000000
0.906708 -0.159451 0.390457 0.000000 0.184656 0.982415 -0.027611 6.791300 -0.379188 0.097136 0.920207 0.000000 0.000000 0.000000 0.000000 1.000000
0.907908 -0.146657 0.392677 0.000000 0.175592 0.983706 -0.038590 6.791300 -0.380619 0.103987 0.918867 0.000000 0.000000 0.000000 0.000000 1.000000
0.908600 -0.141123 0.393105 -0.000000 0.171277 0.984305 -0.042519 6.791300 -0.380935 0.105962 0.918510 0.000000 0.000000 0.000000 0.000000 1.000000
0.909209 -0.136665 0.393271 0.000000 0.167687 0.984792 -0.045453 6.791300 -0.381078 0.107273 0.918298 0.000000 0.000000 0.000000 0.000000 1.000000
0.909682 -0.133409 0.393295 0.000000 0.165004 0.985150 -0.047478 6.791300 -0.381120 0.108085 0.918186 0.000000 0.000000 0.000000 0.000000 1.000000</float_array>
        <technique_common>
          <accessor source="#mixamorig_Head-Matrix-animation-output-transform-array" count="15" stride="16">
            <param type="float4x4"/>
          </accessor>
        </technique_common>
      </source>
      <source id="mixamorig_Head-Interpolations">
        <Name_array id="mixamorig_Head-Interpolations-array" count="15">
 LINEAR LINEAR LINEAR LINEAR LINEAR LINEAR LINEAR LINEAR LINEAR LINEAR LINEAR
LINEAR LINEAR LINEAR LINEAR</Name_array>
        <technique_common>
          <accessor source="#mixamorig_Head-Interpolations-array" count="15">
            <param type="name"/>
          </accessor>
        </technique_common>
      </source>
      <sampler id="mixamorig_Head-Matrix-animation-transform">
        <input semantic="INPUT" source="#mixamorig_Head-Matrix-animation-input"/>
        <input semantic="OUTPUT" source="#mixamorig_Head-Matrix-animation-output-transform"/>
        <input semantic="INTERPOLATION" source="#mixamorig_Head-Interpolations"/>
      </sampler>
      <channel source="#mixamorig_Head-Matrix-animation-transform" target="mixamorig_Head/matrix"/>
    </animation>
    <animation id="mixamorig_LeftShoulder-anim" name="mixamorig_LeftShoulder">
      <source id="mixamorig_LeftShoulder-Matrix-animation-input">
        <float_array id="mixamorig_LeftShoulder-Matrix-animation-input-array" count="15">

0.000000 0.033333 0.066667 0.100000 0.133333 0.166667 0.200000 0.233333 0.266667 0.300000 0.333333 0.366667 0.400000 0.433333 0.466667</float_array>
        <technique_common>
          <accessor source="#mixamorig_LeftShoulder-Matrix-animation-input-array" count="15">
            <param name="TIME" type="float"/>
          </accessor>
        </technique_common>
      </source>
      <source id="mixamorig_LeftShoulder-Matrix-animation-output-transform">
        <float_array id="mixamorig_LeftShoulder-Matrix-animation-output-transform-array" count="240">

0.094498 0.884147 -0.457552 11.022900 -0.616954 -0.308698 -0.723929 13.234400 -0.781305 0.350698 0.516307 -1.554100 0.000000 0.000000 0.000000 1.000000
0.089110 0.881576 -0.463554 11.022900 -0.617199 -0.316409 -0.720383 13.234400 -0.781745 0.350298 0.515913 -1.554100 0.000000 0.000000 0.000000 1.000000
0.063117 0.882813 -0.465465 11.022900 -0.617460 -0.331872 -0.713165 13.234400 -0.784066 0.332419 0.524155 -1.554100 0.000000 0.000000 0.000000 1.000000
0.049935 0.888232 -0.456674 11.022900 -0.617330 -0.331990 -0.713223 13.234400 -0.785118 0.317534 0.531754 -1.554100 0.000000 0.000000 0.000000 1.000000
0.052552 0.888201 -0.456441 11.022900 -0.617367 -0.330364 -0.713945 13.234400 -0.784918 0.319310 0.530984 -1.554100 0.000000 0.000000 0.000000 1.000000
0.067249 0.884417 -0.461828 11.022900 -0.617499 -0.326681 -0.715524 13.234400 -0.783692 0.333296 0.524157 -1.554100 0.000000 0.000000 0.000000 1.000000
0.084832 0.880229 -0.466905 11.022900 -0.617487 -0.321320 -0.717957 13.234400 -0.781993 0.349213 0.516272 -1.554100 0.000000 0.000000 0.000000 1.000000
0.097673 0.879451 -0.465861 11.022900 -0.617231 -0.313669 -0.721552 13.234400 -0.780696 0.358020 0.512187 -1.554100 0.000000 0.000000 0.000000 1.000000
0.100639 0.880628 -0.462997 11.022900 -0.617047 -0.309804 -0.723377 13.234400 -0.780464 0.358491 0.512211 -1.554100 0.000000 0.000000 0.000000 1.000000
0.099279 0.882419 -0.459871 11.022900 -0.616941 -0.308020 -0.724229 13.234400 -0.780723 0.355614 0.513820 -1.554100 0.000000 0.000000 0.000000 1.000000
0.096737 0.883225 -0.458863 11.022900 -0.617016 -0.308533 -0.723947 13.234400 -0.780983 0.353158 0.515117 -1.554100 0.000000 0.000000 0.000000 1.000000
0.094952 0.883495 -0.458716 11.022900 -0.617071 -0.309353 -0.723550 13.234400 -0.781158 0.351763 0.515806 -1.554100 0.000000 0.000000 0.000000 1.000000
0.094540 0.883729 -0.458350 11.022900 -0.617047 -0.309287 -0.723599 13.234400 -0.781227 0.351233 0.516062 -1.554100 0.000000 0.000000 0.000000 1.000000
0.094432 0.883958 -0.457931 11.022900 -0.617002 -0.309022 -0.723750 13.234400 -0.781275 0.350889 0.516223 -1.554100 0.000000 0.000000 0.000000 1.000000
0.094498 0.884147 -0.457552 11.022900 -0.616954 -0.308698 -0.723929 13.234400 -0.781305 0.350698 0.516307 -1.554100 0.000000 0.000000 0.000000 1.000000</float_array>
        <technique_common>
          <accessor source="#mixamorig_LeftShoulder-Matrix-animation-output-transform-array" count="15" stride="16">
            <param type="float4x4"/>
          </accessor>
        </technique_common>
      </source>
      <source id="mixamorig_LeftShoulder-Interpolations">
        <Name_array id="mixamorig_LeftShoulder-Interpolations-array" count="15">
 LINEAR LINEAR LINEAR LINEAR LINEAR LINEAR LINEAR LINEAR LINEAR LINEAR LINEAR
LINEAR LINEAR LINEAR LINEAR</Name_array>
        <technique_common>
          <accessor source="#mixamorig_LeftShoulder-Interpolations-array" count="15">
            <param type="name"/>
          </accessor>
        </technique_common>
      </source>
      <sampler id="mixamorig_LeftShoulder-Matrix-animation-transform">
        <input semantic="INPUT" source="#mixamorig_LeftShoulder-Matrix-animation-input"/>
        <input semantic="OUTPUT" source="#mixamorig_LeftShoulder-Matrix-animation-output-transform"/>
        <input semantic="INTERPOLATION" source="#mixamorig_LeftShoulder-Interpolations"/>
      </sampler>
      <channel source="#mixamorig_LeftShoulder-Matrix-animation-transform" target="mixamorig_LeftShoulder/matrix"/>
    </animation>
    <animation id="mixamorig_LeftArm-anim" name="mixamorig_LeftArm">
      <source id="mixamorig_LeftArm-Matrix-animation-input">
        <float_array id="mixamorig_LeftArm-Matrix-animation-input-array" count="15">

0.000000 0.033333 0.066667 0.100000 0.133333 0.166667 0.200000 0.233333 0.266667 0.300000 0.333333 0.366667 0.400000 0.433333 0.466667</float_array>
        <technique_common>
          <accessor source="#mixamorig_LeftArm-Matrix-animation-input-array" count="15">
            <param name="TIME" type="float"/>
          </accessor>
        </technique_common>
      </source>
      <source id="mixamorig_LeftArm-Matrix-animation-output-transform">
        <float_array id="mixamorig_LeftArm-Matrix-animation-output-transform-array" count="240">

0.745240 -0.617954 -0.250500 -0.000000 0.407643 0.719524 -0.562238 16.551600 0.527679 0.316888 0.788123 -0.000000 0.000000 0.000000 0.000000 1.000000
0.746230 -0.618149 -0.247049 0.000000 0.411766 0.720224 -0.558324 16.551600 0.523058 0.314912 0.791985 0.000000 0.000000 0.000000 0.000000 1.000000
0.735404 -0.628075 -0.254368 0.000000 0.442898 0.729613 -0.521063 16.551600 0.512857 0.270532 0.814733 0.000000 0.000000 0.000000 0.000000 1.000000
0.818669 -0.510839 -0.262344 0.000000 0.293710 0.765028 -0.573120 16.551600 0.493473 0.392143 0.776343 0.000000 0.000000 0.000000 0.000000 1.000000
0.871323 -0.398774 -0.285965 -0.000000 0.163917 0.785810 -0.596351 16.551600 0.462523 0.472739 0.750060 0.000000 0.000000 0.000000 0.000000 1.000000
0.823484 -0.496456 -0.274601 0.000000 0.262253 0.762297 -0.591715 16.551600 0.503087 0.415253 0.757937 0.000000 0.000000 0.000000 0.000000 1.000000
0.782923 -0.559267 -0.272493 0.000000 0.322668 0.739534 -0.590741 16.551600 0.531900 0.374580 0.759456 0.000000 0.000000 0.000000 0.000000 1.000000
0.751011 -0.606873 -0.260171 -0.000000 0.382062 0.720763 -0.578385 16.551600 0.538527 0.334972 0.773164 0.000000 0.000000 0.000000 0.000000 1.000000
0.740363 -0.624790 -0.247990 -0.000000 0.414693 0.714873 -0.563015 16.551600 0.529048 0.313996 0.788362 -0.000000 0.000000 0.000000 0.000000 1.000000
0.737301 -0.629294 -0.245717 0.000000 0.421246 0.712605 -0.561022 16.551600 0.528147 0.310134 0.790492 0.000000 0.000000 0.000000 0.000000 1.000000
0.737865 -0.628041 -0.247223 0.000000 0.417295 0.712379 -0.564253 16.551600 0.530490 0.313178 0.787718 0.000000 0.000000 0.000000 0.000000 1.000000
0.741021 -0.624059 -0.247865 0.000000 0.413797 0.715112 -0.563371 16.551600 0.528828 0.314904 0.788147 0.000000 0.000000 0.000000 0.000000 1.000000
0.742720 -0.621729 -0.248636 0.000000 0.411619 0.716800 -0.562822 16.551600 0.528145 0.315676 0.788297 0.000000 0.000000 0.000000 0.000000 1.000000
0.744152 -0.619624 -0.249606 0.000000 0.409463 0.718327 -0.562446 16.551600 0.527804 0.316342 0.788258 -0.000000 0.000000 0.000000 0.000000 1.000000
0.745240 -0.617932 -0.250554 0.000000 0.407616 0.719557 -0.562216 16.551600 0.527699 0.316856 0.788122 0.000000 0.000000 0.000000 0.000000 1.000000</float_array>
        <technique_common>
          <accessor source="#mixamorig_LeftArm-Matrix-animation-output-transform-array" count="15" stride="16">
            <param type="float4x4"/>
          </accessor>
        </technique_common>
      </source>
      <source id="mixamorig_LeftArm-Interpolations">
        <Name_array id="mixamorig_LeftArm-Interpolations-array" count="15">
 LINEAR LINEAR LINEAR LINEAR LINEAR LINEAR LINEAR LINEAR LINEAR LINEAR LINEAR
LINEAR LINEAR LINEAR LINEAR</Name_array>
        <technique_common>
          <accessor source="#mixamorig_LeftArm-Interpolations-array" count="15">
            <param type="name"/>
          </accessor>
        </technique_common>
      </source>
      <sampler id="mixamorig_LeftArm-Matrix-animation-transform">
        <input semantic="INPUT" source="#mixamorig_LeftArm-Matrix-animation-input"/>
        <input semantic="OUTPUT" source="#mixamorig_LeftArm-Matrix-animation-output-transform"/>
        <input semantic="INTERPOLATION" source="#mixamorig_LeftArm-Interpolations"/>
      </sampler>
      <channel source="#mixamorig_LeftArm-Matrix-animation-transform" target="mixamorig_LeftArm/matrix"/>
    </animation>
    <animation id="mixamorig_LeftForeArm-anim" name="mixamorig_LeftForeArm">
      <source id="mixamorig_LeftForeArm-Matrix-animation-input">
        <float_array id="mixamorig_LeftForeArm-Matrix-animation-input-array" count="15">

0.000000 0.033333 0.066667 0.100000 0.133333 0.166667 0.200000 0.233333 0.266667 0.300000 0.333333 0.366667 0.400000 0.433333 0.466667</float_array>
        <technique_common>
          <accessor source="#mixamorig_LeftForeArm-Matrix-animation-input-array" count="15">
            <param name="TIME" type="float"/>
          </accessor>
        </technique_common>
      </source>
      <source id="mixamorig_LeftForeArm-Matrix-animation-output-transform">
        <float_array id="mixamorig_LeftForeArm-Matrix-animation-output-transform-array" count="240">

0.428457 -0.903537 0.006739 0.000000 0.903532 0.428370 -0.011337 27.198299 0.007357 0.010946 0.999913 0.000000 0.000000 0.000000 0.000000 1.000000
0.437630 -0.899131 0.006624 0.000000 0.899126 0.437545 -0.011282 27.198299 0.007246 0.010893 0.999914 0.000000 0.000000 0.000000 0.000000 1.000000
0.432186 -0.901760 0.006693 0.000000 0.901755 0.432100 -0.011315 27.198299 0.007311 0.010925 0.999914 -0.000000 0.000000 0.000000 0.000000 1.000000
0.351723 -0.936072 0.007702 0.000000 0.936067 0.351625 -0.011746 27.198299 0.008286 0.011341 0.999901 0.000000 0.000000 0.000000 0.000000 1.000000
0.184406 -0.982801 0.009802 0.000000 0.982796 0.184282 -0.012332 27.198299 0.010313 0.011907 0.999876 0.000000 0.000000 0.000000 0.000000 1.000000
0.250580 -0.968054 0.008971 0.000000 0.968049 0.250467 -0.012147 27.198299 0.009512 0.011728 0.999886 0.000000 0.000000 0.000000 0.000000 1.000000
0.315406 -0.948922 0.008158 -0.000000 0.948917 0.315302 -0.011907 27.198299 0.008727 0.011497 0.999896 0.000000 0.000000 0.000000 0.000000 1.000000
0.369522 -0.929192 0.007479 0.000000 0.929187 0.369426 -0.011659 27.198299 0.008071 0.011258 0.999904 0.000000 0.000000 0.000000 0.000000 1.000000
0.392728 -0.919627 0.007188 0.000000 0.919622 0.392636 -0.011539 27.198299 0.007789 0.011142 0.999908 0.000000 0.000000 0.000000 0.000000 1.000000
0.406625 -0.913568 0.007013 0.000000 0.913563 0.406535 -0.011463 27.198299 0.007621 0.011068 0.999910 0.000000 0.000000 0.000000 0.000000 1.000000
0.418680 -0.908108 0.006862 0.000000 0.908103 0.418592 -0.011394 27.198299 0.007475 0.011002 0.999912 0.000000 0.000000 0.000000 0.000000 1.000000
0.425203 -0.905073 0.006780 0.000000 0.905068 0.425116 -0.011356 27.198299 0.007396 0.010965 0.999913 0.000000 0.000000 0.000000 0.000000 1.000000
0.426943 -0.904253 0.006758 0.000000 0.904248 0.426856 -0.011346 27.198299 0.007375 0.010955 0.999913 0.000000 0.000000 0.000000 0.000000 1.000000
0.427845 -0.903827 0.006747 -0.000000 0.903822 0.427758 -0.011341 27.198299 0.007364 0.010950 0.999913 0.000000 0.000000 0.000000 0.000000 1.000000
0.428175 -0.903671 0.006743 0.000000 0.903666 0.428088 -0.011339 27.198299 0.007360 0.010949 0.999913 0.000000 0.000000 0.000000 0.000000 1.000000</float_array>
        <technique_common>
          <accessor source="#mixamorig_LeftForeArm-Matrix-animation-output-transform-array" count="15" stride="16">
            <param type="float4x4"/>
          </accessor>
        </technique_common>
      </source>
      <source id="mixamorig_LeftForeArm-Interpolations">
        <Name_array id="mixamorig_LeftForeArm-Interpolations-array" count="15">
 LINEAR LINEAR LINEAR LINEAR LINEAR LINEAR LINEAR LINEAR LINEAR LINEAR LINEAR
LINEAR LINEAR LINEAR LINEAR</Name_array>
        <technique_common>
          <accessor source="#mixamorig_LeftForeArm-Interpolations-array" count="15">
            <param type="name"/>
          </accessor>
        </technique_common>
      </source>
      <sampler id="mixamorig_LeftForeArm-Matrix-animation-transform">
        <input semantic="INPUT" source="#mixamorig_LeftForeArm-Matrix-animation-input"/>
        <input semantic="OUTPUT" source="#mixamorig_LeftForeArm-Matrix-animation-output-transform"/>
        <input semantic="INTERPOLATION" source="#mixamorig_LeftForeArm-Interpolations"/>
      </sampler>
      <channel source="#mixamorig_LeftForeArm-Matrix-animation-transform" target="mixamorig_LeftForeArm/matrix"/>
    </animation>
    <animation id="mixamorig_LeftHand-anim" name="mixamorig_LeftHand">
      <source id="mixamorig_LeftHand-Matrix-animation-input">
        <float_array id="mixamorig_LeftHand-Matrix-animation-input-array" count="15">

0.000000 0.033333 0.066667 0.100000 0.133333 0.166667 0.200000 0.233333 0.266667 0.300000 0.333333 0.366667 0.400000 0.433333 0.466667</float_array>
        <technique_common>
          <accessor source="#mixamorig_LeftHand-Matrix-animation-input-array" count="15">
            <param name="TIME" type="float"/>
          </accessor>
        </technique_common>
      </source>
      <source id="mixamorig_LeftHand-Matrix-animation-output-transform">
        <float_array id="mixamorig_LeftHand-Matrix-animation-output-transform-array" count="240">

-0.353683 0.518235 -0.778679 0.000000 0.022035 0.836872 0.546955 21.535400 0.935106 0.176291 -0.307406 0.000000 0.000000 0.000000 0.000000 1.000000
-0.351993 0.518004 -0.779598 -0.000000 0.020067 0.836886 0.547009 21.535400 0.935788 0.176899 -0.304973 -0.000000 0.000000 0.000000 0.000000 1.000000
-0.354239 0.419571 -0.835748 0.000000 0.016992 0.896441 0.442838 21.535400 0.935001 0.142669 -0.324684 -0.000000 0.000000 0.000000 0.000000 1.000000
-0.301310 0.412095 -0.859878 -0.000000 0.016861 0.903949 0.427308 21.535400 0.953377 0.114254 -0.279317 -0.000000 0.000000 0.000000 0.000000 1.000000
-0.282100 0.593459 -0.753808 0.000000 0.069949 0.796351 0.600776 21.535400 0.956832 0.116751 -0.266162 0.000000 0.000000 0.000000 0.000000 1.000000
-0.308464 0.617061 -0.723938 -0.000000 0.052074 0.770862 0.634870 21.535400 0.949810 0.158137 -0.269916 0.000000 0.000000 0.000000 0.000000 1.000000
-0.303841 0.594709 -0.744313 -0.000000 0.031892 0.787160 0.615924 21.535400 0.952189 0.163406 -0.258138 0.000000 0.000000 0.000000 0.000000 1.000000
