<?xml version="1.0" encoding="utf-8"?>
<COLLADA xmlns="http://www.collada.org/2005/11/COLLADASchema" version="1.4.1">
  <asset>
    <contributor>
      <author>Mixamo</author>
      <authoring_tool>COLLADA Mixamo exporter</authoring_tool>
      <comments/>
    </contributor>
    <created>2025-11-20T10:34:28Z</created>
    <modified>2025-11-20T10:34:28Z</modified>
    <revision/>
    <title/>
    <unit meter="0.010000"/>
    <up_axis>Y_UP</up_axis>
  </asset>
  <library_animations>
    <animation id="mixamorig_Hips-anim" name="mixamorig_Hips">
      <source id="mixamorig_Hips-Matrix-animation-input">
        <float_array id="mixamorig_Hips-Matrix-animation-input-array" count="31">

0.000000 0.033333 0.066667 0.100000 0.133333 0.166667 0.200000 0.233333 0.266667 0.300000 0.333333 0.366667 0.400000 0.433333 0.466667 0.500000
0.533333 0.566667 0.600000 0.633333 0.666667 0.700000 0.733333 0.766667 0.800000 0.833333 0.866667 0.900000 0.933333 0.966667 1.000000</float_array>
        <technique_common>
          <accessor source="#mixamorig_Hips-Matrix-animation-input-array" count="31">
            <param name="TIME" type="float"/>
          </accessor>
        </technique_common>
      </source>
      <source id="mixamorig_Hips-Matrix-animation-output-transform">
        <float_array id="mixamorig_Hips-Matrix-animation-output-transform-array" count="496">

0.595080 -0.019344 -0.803434 -2.275724 0.032533 0.999471 0.000032 112.903236 0.803008 -0.026157 0.595394 1.497920 0.000000 0.000000 0.000000 1.000000
0.595170 -0.019670 -0.803359 -2.304727 0.033081 0.999453 0.000036 112.871063 0.802918 -0.026597 0.595495 1.477526 0.000000 0.000000 0.000000 1.000000
0.595261 -0.020016 -0.803283 -2.333563 0.033660 0.999433 0.000040 112.831230 0.802827 -0.027063 0.595598 1.440321 0.000000 0.000000 0.000000 1.000000
0.595332 -0.020305 -0.803223 -2.359887 0.034146 0.999417 0.000044 112.779991 0.802754 -0.027453 0.595679 1.394801 0.000000 0.000000 0.000000 1.000000
0.595391 -0.020565 -0.803173 -2.382416 0.034582 0.999402 0.000047 112.724998 0.802692 -0.027803 0.595746 1.345233 0.000000 0.000000 0.000000 1.000000
0.595438 -0.020794 -0.803132 -2.399397 0.034967 0.999388 0.000049 112.671066 0.802640 -0.028112 0.595801 1.297133 0.000000 0.000000 0.000000 1.000000
0.595475 -0.020995 -0.803100 -2.409197 0.035305 0.999377 0.000051 112.623016 0.802598 -0.028384 0.595845 1.256158 0.000000 0.000000 0.000000 1.000000
0.595505 -0.021171 -0.803073 -2.410206 0.035600 0.999366 0.000053 112.585808 0.802562 -0.028621 0.595881 1.228188 0.000000 0.000000 0.000000 1.000000
0.595510 -0.021257 -0.803067 -2.394017 0.035744 0.999361 0.000053 112.568504 0.802553 -0.028736 0.595889 1.213229 0.000000 0.000000 0.000000 1.000000
0.595394 -0.020830 -0.803164 -2.348501 0.035028 0.999386 0.000047 112.546547 0.802670 -0.028162 0.595758 1.217710 0.000000 0.000000 0.000000 1.000000
0.595275 -0.020379 -0.803263 -2.292375 0.034271 0.999413 0.000042 112.532532 0.802791 -0.027553 0.595624 1.224243 0.000000 0.000000 0.000000 1.000000
0.595151 -0.019873 -0.803368 -2.229803 0.033422 0.999441 0.000036 112.520699 0.802918 -0.026871 0.595483 1.234458 0.000000 0.000000 0.000000 1.000000
0.595047 -0.019433 -0.803456 -2.168827 0.032682 0.999466 0.000031 112.522461 0.803026 -0.026277 0.595364 1.243745 0.000000 0.000000 0.000000 1.000000
0.594940 -0.018953 -0.803546 -2.112418 0.031876 0.999492 0.000026 112.523544 0.803138 -0.025629 0.595242 1.256436 0.000000 0.000000 0.000000 1.000000
0.594848 -0.018519 -0.803625 -2.067987 0.031147 0.999515 0.000022 112.531792 0.803235 -0.025043 0.595136 1.268953 0.000000 0.000000 0.000000 1.000000
0.594758 -0.018064 -0.803702 -2.031306 0.030381 0.999538 0.000018 112.544174 0.803331 -0.024428 0.595032 1.288775 0.000000 0.000000 0.000000 1.000000
0.594668 -0.017594 -0.803779 -2.000759 0.029592 0.999562 0.000014 112.561111 0.803427 -0.023794 0.594928 1.314894 0.000000 0.000000 0.000000 1.000000
0.594566 -0.017068 -0.803866 -1.974745 0.028708 0.999588 0.000010 112.572159 0.803534 -0.023083 0.594811 1.347836 0.000000 0.000000 0.000000 1.000000
0.594501 -0.016736 -0.803920 -1.959709 0.028149 0.999604 0.000007 112.588814 0.803602 -0.022634 0.594737 1.379454 0.000000 0.000000 0.000000 1.000000
0.594435 -0.016414 -0.803976 -1.949933 0.027609 0.999619 0.000004 112.608101 0.803669 -0.022199 0.594662 1.410375 0.000000 0.000000 0.000000 1.000000
0.594370 -0.016132 -0.804030 -1.945300 0.027133 0.999632 0.000002 112.630577 0.803734 -0.021817 0.594589 1.439393 0.000000 0.000000 0.000000 1.000000
0.594328 -0.015991 -0.804064 -1.947640 0.026896 0.999638 0.000000 112.662827 0.803773 -0.021626 0.594543 1.462224 0.000000 0.000000 0.000000 1.000000
0.594312 -0.015990 -0.804076 -1.956104 0.026894 0.999638 -0.000000 112.696678 0.803785 -0.021625 0.594527 1.480174 0.000000 0.000000 0.000000 1.000000
0.594331 -0.016160 -0.804058 -1.978585 0.027180 0.999631 0.000000 112.724594 0.803761 -0.021854 0.594550 1.491949 0.000000 0.000000 0.000000 1.000000
0.594386 -0.016505 -0.804011 -2.015084 0.027761 0.999615 0.000003 112.763634 0.803701 -0.022322 0.594615 1.499737 0.000000 0.000000 0.000000 1.000000
0.594463 -0.016931 -0.803944 -2.058912 0.028477 0.999594 0.000006 112.805603 0.803618 -0.022897 0.594704 1.506224 0.000000 0.000000 0.000000 1.000000
0.594569 -0.017434 -0.803856 -2.106659 0.029323 0.999570 0.000010 112.846443 0.803510 -0.023577 0.594824 1.510316 0.000000 0.000000 0.000000 1.000000
0.594725 -0.018071 -0.803726 -2.157895 0.030394 0.999538 0.000016 112.875565 0.803354 -0.024439 0.595000 1.510551 0.000000 0.000000 0.000000 1.000000
0.594844 -0.018507 -0.803628 -2.203913 0.031126 0.999515 0.000022 112.885910 0.803238 -0.025026 0.595132 1.512761 0.000000 0.000000 0.000000 1.000000
0.594979 -0.018989 -0.803517 -2.245328 0.031936 0.999490 0.000027 112.901138 0.803107 -0.025677 0.595282 1.506699 0.000000 0.000000 0.000000 1.000000
0.595079 -0.019344 -0.803434 -2.274947 0.032533 0.999471 0.000032 112.902924 0.803008 -0.026157 0.595394 1.498194 0.000000 0.000000 0.000000 1.000000</float_array>
        <technique_common>
          <accessor source="#mixamorig_Hips-Matrix-animation-output-transform-array" count="31" stride="16">
            <param type="float4x4"/>
          </accessor>
        </technique_common>
      </source>
      <source id="mixamorig_Hips-Interpolations">
        <Name_array id="mixamorig_Hips-Interpolations-array" count="31">
 LINEAR LINEAR LINEAR LINEAR LINEAR LINEAR LINEAR LINEAR LINEAR LINEAR LINEAR
LINEAR LINEAR LINEAR LINEAR LINEAR LINEAR LINEAR LINEAR LINEAR LINEAR LINEAR LINEAR
LINEAR LINEAR LINEAR LINEAR LINEAR LINEAR LINEAR LINEAR</Name_array>
        <technique_common>
          <accessor source="#mixamorig_Hips-Interpolations-array" count="31">
            <param type="name"/>
          </accessor>
        </technique_common>
      </source>
      <sampler id="mixamorig_Hips-Matrix-animation-transform">
        <input semantic="INPUT" source="#mixamorig_Hips-Matrix-animation-input"/>
        <input semantic="OUTPUT" source="#mixamorig_Hips-Matrix-animation-output-transform"/>
        <input semantic="INTERPOLATION" source="#mixamorig_Hips-Interpolations"/>
      </sampler>
      <channel source="#mixamorig_Hips-Matrix-animation-transform" target="mixamorig_Hips/matrix"/>
    </animation>
    <animation id="mixamorig_Spine-anim" name="mixamorig_Spine">
      <source id="mixamorig_Spine-Matrix-animation-input">
        <float_array id="mixamorig_Spine-Matrix-animation-input-array" count="31">

0.000000 0.033333 0.066667 0.100000 0.133333 0.166667 0.200000 0.233333 0.266667 0.300000 0.333333 0.366667 0.400000 0.433333 0.466667 0.500000
0.533333 0.566667 0.600000 0.633333 0.666667 0.700000 0.733333 0.766667 0.800000 0.833333 0.866667 0.900000 0.933333 0.966667 1.000000</float_array>
        <technique_common>
          <accessor source="#mixamorig_Spine-Matrix-animation-input-array" count="31">
            <param name="TIME" type="float"/>
          </accessor>
        </technique_common>
      </source>
      <source id="mixamorig_Spine-Matrix-animation-output-transform">
        <float_array id="mixamorig_Spine-Matrix-animation-output-transform-array" count="496">

0.999962 0.004273 -0.007643 -0.006600 -0.006141 0.964447 -0.264205 10.822600 0.006242 0.264242 0.964436 -0.430700 0.000000 0.000000 0.000000 1.000000
0.999957 0.004826 -0.007914 -0.006600 -0.006746 0.964435 -0.264233 10.822600 0.006357 0.264275 0.964426 -0.430700 0.000000 0.000000 0.000000 1.000000
0.999951 0.005619 -0.008199 -0.006600 -0.007587 0.964378 -0.264420 10.822600 0.006421 0.264469 0.964373 -0.430700 0.000000 0.000000 0.000000 1.000000
0.999942 0.006459 -0.008648 -0.006600 -0.008517 0.964292 -0.264705 10.822600 0.006629 0.264763 0.964291 -0.430700 0.000000 0.000000 0.000000 1.000000
0.999931 0.007371 -0.009109 -0.006600 -0.009522 0.964179 -0.265081 10.822600 0.006829 0.265149 0.964183 -0.430700 0.000000 0.000000 0.000000 1.000000
0.999919 0.008333 -0.009588 -0.006600 -0.010580 0.964046 -0.265526 10.822600 0.007031 0.265606 0.964056 -0.430700 0.000000 0.000000 0.000000 1.000000
0.999906 0.009318 -0.010067 -0.006600 -0.011661 0.963894 -0.266032 10.822600 0.007225 0.266125 0.963912 -0.430700 0.000000 0.000000 0.000000 1.000000
0.999891 0.010310 -0.010529 -0.006600 -0.012744 0.963737 -0.266549 10.822600 0.007399 0.266655 0.963764 -0.430700 0.000000 0.000000 0.000000 1.000000
0.999878 0.011184 -0.010924 -0.006600 -0.013696 0.963575 -0.267086 10.822600 0.007539 0.267203 0.963611 -0.430700 0.000000 0.000000 0.000000 1.000000
0.999877 0.011246 -0.010917 -0.006600 -0.013757 0.963439 -0.267574 10.822600 0.007509 0.267691 0.963476 -0.430700 0.000000 0.000000 0.000000 1.000000
0.999878 0.011220 -0.010843 -0.006600 -0.013716 0.963318 -0.268013 10.822600 0.007438 0.268129 0.963354 -0.430700 0.000000 0.000000 0.000000 1.000000
0.999882 0.011014 -0.010721 -0.006600 -0.013488 0.963211 -0.268409 10.822600 0.007370 0.268522 0.963245 -0.430700 0.000000 0.000000 0.000000 1.000000
0.999886 0.010793 -0.010573 -0.006600 -0.013237 0.963143 -0.268663 10.822600 0.007284 0.268772 0.963176 -0.430700 0.000000 0.000000 0.000000 1.000000
0.999893 0.010357 -0.010294 -0.006600 -0.012744 0.963089 -0.268883 10.822600 0.007130 0.268986 0.963118 -0.430700 0.000000 0.000000 0.000000 1.000000
0.999902 0.009792 -0.009981 -0.006600 -0.012116 0.963084 -0.268927 10.822600 0.006980 0.269022 0.963109 -0.430700 0.000000 0.000000 0.000000 1.000000
0.999913 0.009047 -0.009642 -0.006600 -0.011307 0.963111 -0.268868 10.822600 0.006853 0.268954 0.963129 -0.430700 0.000000 0.000000 0.000000 1.000000
0.999924 0.008140 -0.009251 -0.006600 -0.010328 0.963153 -0.268757 10.822600 0.006722 0.268832 0.963164 -0.430700 0.000000 0.000000 0.000000 1.000000
0.999937 0.007057 -0.008731 -0.006600 -0.009143 0.963239 -0.268491 10.822600 0.006516 0.268554 0.963243 -0.430700 0.000000 0.000000 0.000000 1.000000
0.999947 0.006191 -0.008229 -0.006600 -0.008171 0.963325 -0.268212 10.822600 0.006267 0.268265 0.963325 -0.430700 0.000000 0.000000 0.000000 1.000000
0.999956 0.005263 -0.007738 -0.006600 -0.007143 0.963441 -0.267826 10.822600 0.006046 0.267870 0.963436 -0.430700 0.000000 0.000000 0.000000 1.000000
0.999964 0.004336 -0.007247 -0.006600 -0.006116 0.963571 -0.267382 10.822600 0.005823 0.267416 0.963563 -0.430700 0.000000 0.000000 0.000000 1.000000
0.999970 0.003581 -0.006834 -0.006600 -0.005276 0.963672 -0.267036 10.822600 0.005630 0.267064 0.963662 -0.430700 0.000000 0.000000 0.000000 1.000000
0.999974 0.003013 -0.006507 -0.006600 -0.004639 0.963805 -0.266568 10.822600 0.005468 0.266592 0.963794 -0.430700 0.000000 0.000000 0.000000 1.000000
0.999977 0.002690 -0.006304 -0.006600 -0.004271 0.963940 -0.266085 10.822600 0.005360 0.266106 0.963929 -0.430700 0.000000 0.000000 0.000000 1.000000
0.999977 0.002635 -0.006251 -0.006600 -0.004201 0.964064 -0.265638 10.822600 0.005327 0.265659 0.964052 -0.430700 0.000000 0.000000 0.000000 1.000000
0.999976 0.002714 -0.006298 -0.006600 -0.004287 0.964168 -0.265257 10.822600 0.005353 0.265278 0.964157 -0.430700 0.000000 0.000000 0.000000 1.000000
0.999975 0.002931 -0.006420 -0.006600 -0.004527 0.964255 -0.264938 10.822600 0.005414 0.264960 0.964244 -0.430700 0.000000 0.000000 0.000000 1.000000
0.999972 0.003394 -0.006718 -0.006600 -0.005050 0.964348 -0.264590 10.822600 0.005581 0.264617 0.964337 -0.430700 0.000000 0.000000 0.000000 1.000000
0.999969 0.003570 -0.007060 -0.006600 -0.005310 0.964419 -0.264325 10.822600 0.005865 0.264355 0.964408 -0.430700 0.000000 0.000000 0.000000 1.000000
0.999965 0.003901 -0.007445 -0.006600 -0.005730 0.964425 -0.264293 10.822600 0.006149 0.264327 0.964414 -0.430700 0.000000 0.000000 0.000000 1.000000
0.999961 0.004220 -0.007750 -0.006600 -0.006119 0.964420 -0.264303 10.822600 0.006359 0.264340 0.964409 -0.430700 0.000000 0.000000 0.000000 1.000000</float_array>
        <technique_common>
          <accessor source="#mixamorig_Spine-Matrix-animation-output-transform-array" count="31" stride="16">
            <param type="float4x4"/>
          </accessor>
        </technique_common>
      </source>
      <source id="mixamorig_Spine-Interpolations">
        <Name_array id="mixamorig_Spine-Interpolations-array" count="31">
 LINEAR LINEAR LINEAR LINEAR LINEAR LINEAR LINEAR LINEAR LINEAR LINEAR LINEAR
LINEAR LINEAR LINEAR LINEAR LINEAR LINEAR LINEAR LINEAR LINEAR LINEAR LINEAR LINEAR
LINEAR LINEAR LINEAR LINEAR LINEAR LINEAR LINEAR LINEAR</Name_array>
        <technique_common>
          <accessor source="#mixamorig_Spine-Interpolations-array" count="31">
            <param type="name"/>
          </accessor>
        </technique_common>
      </source>
      <sampler id="mixamorig_Spine-Matrix-animation-transform">
        <input semantic="INPUT" source="#mixamorig_Spine-Matrix-animation-input"/>
        <input semantic="OUTPUT" source="#mixamorig_Spine-Matrix-animation-output-transform"/>
        <input semantic="INTERPOLATION" source="#mixamorig_Spine-Interpolations"/>
      </sampler>
      <channel source="#mixamorig_Spine-Matrix-animation-transform" target="mixamorig_Spine/matrix"/>
    </animation>
    <animation id="mixamorig_Spine1-anim" name="mixamorig_Spine1">
      <source id="mixamorig_Spine1-Matrix-animation-input">
        <float_array id="mixamorig_Spine1-Matrix-animation-input-array" count="31">

0.000000 0.033333 0.066667 0.100000 0.133333 0.166667 0.200000 0.233333 0.266667 0.300000 0.333333 0.366667 0.400000 0.433333 0.466667 0.500000
0.533333 0.566667 0.600000 0.633333 0.666667 0.700000 0.733333 0.766667 0.800000 0.833333 0.866667 0.900000 0.933333 0.966667 1.000000</float_array>
        <technique_common>
          <accessor source="#mixamorig_Spine1-Matrix-animation-input-array" count="31">
            <param name="TIME" type="float"/>
          </accessor>
        </technique_common>
      </source>
      <source id="mixamorig_Spine1-Matrix-animation-output-transform">
        <float_array id="mixamorig_Spine1-Matrix-animation-output-transform-array" count="496">

0.999868 -0.009511 -0.013146 -0.000000 0.008025 0.994038 -0.108739 12.655100 0.014102 0.108620 0.993983 0.000000 0.000000 0.000000 0.000000 1.000000
0.999868 -0.009514 -0.013149 0.000000 0.008029 0.994044 -0.108687 12.655100 0.014105 0.108567 0.993989 0.000000 0.000000 0.000000 0.000000 1.000000
0.999869 -0.009508 -0.013125 0.000000 0.008025 0.994042 -0.108706 12.655100 0.014080 0.108587 0.993987 -0.000000 0.000000 0.000000 0.000000 1.000000
0.999868 -0.009517 -0.013176 0.000000 0.008029 0.994039 -0.108730 12.655100 0.014132 0.108610 0.993984 -0.000000 0.000000 0.000000 0.000000 1.000000
0.999868 -0.009522 -0.013196 0.000000 0.008031 0.994037 -0.108745 12.655100 0.014152 0.108625 0.993982 0.000000 0.000000 0.000000 0.000000 1.000000
0.999867 -0.009522 -0.013226 -0.000000 0.008028 0.994036 -0.108760 12.655100 0.014182 0.108639 0.993980 -0.000000 0.000000 0.000000 0.000000 1.000000
0.999867 -0.009515 -0.013238 0.000000 0.008020 0.994039 -0.108733 12.655100 0.014194 0.108612 0.993983 -0.000000 0.000000 0.000000 0.000000 1.000000
0.999867 -0.009507 -0.013230 0.000000 0.008012 0.994038 -0.108736 12.655100 0.014185 0.108615 0.993983 -0.000000 0.000000 0.000000 0.000000 1.000000
0.999867 -0.009500 -0.013240 0.000000 0.008005 0.994040 -0.108718 12.655100 0.014194 0.108598 0.993984 -0.000000 0.000000 0.000000 0.000000 1.000000
0.999867 -0.009483 -0.013268 0.000000 0.007985 0.994038 -0.108745 12.655100 0.014220 0.108625 0.993981 0.000000 0.000000 0.000000 0.000000 1.000000
0.999867 -0.009472 -0.013249 0.000000 0.007976 0.994035 -0.108768 12.655100 0.014201 0.108648 0.993979 -0.000000 0.000000 0.000000 0.000000 1.000000
0.999867 -0.009460 -0.013281 0.000000 0.007960 0.994036 -0.108763 12.655100 0.014231 0.108643 0.993979 0.000000 0.000000 0.000000 0.000000 1.000000
0.999868 -0.009451 -0.013250 -0.000000 0.007953 0.994028 -0.108833 12.655100 0.014200 0.108714 0.993972 0.000000 0.000000 0.000000 0.000000 1.000000
0.999868 -0.009439 -0.013255 -0.000000 0.007942 0.994033 -0.108791 12.655100 0.014203 0.108672 0.993976 -0.000000 0.000000 0.000000 0.000000 1.000000
0.999868 -0.009436 -0.013226 -0.000000 0.007943 0.994036 -0.108764 12.655100 0.014174 0.108644 0.993980 0.000000 0.000000 0.000000 0.000000 1.000000
0.999868 -0.009438 -0.013249 -0.000000 0.007942 0.994033 -0.108789 12.655100 0.014197 0.108670 0.993977 0.000000 0.000000 0.000000 0.000000 1.000000
0.999867 -0.009437 -0.013272 0.000000 0.007938 0.994036 -0.108760 12.655100 0.014219 0.108640 0.993979 -0.000000 0.000000 0.000000 0.000000 1.000000
0.999867 -0.009442 -0.013270 0.000000 0.007943 0.994030 -0.108816 12.655100 0.014218 0.108696 0.993973 0.000000 0.000000 0.000000 0.000000 1.000000
0.999868 -0.009438 -0.013203 0.000000 0.007947 0.994036 -0.108760 12.655100 0.014151 0.108641 0.993980 0.000000 0.000000 0.000000 0.000000 1.000000
0.999869 -0.009440 -0.013182 0.000000 0.007950 0.994033 -0.108792 12.655100 0.014130 0.108673 0.993977 0.000000 0.000000 0.000000 0.000000 1.000000
0.999869 -0.009445 -0.013164 -0.000000 0.007957 0.994027 -0.108845 12.655100 0.014114 0.108726 0.993972 0.000000 0.000000 0.000000 0.000000 1.000000
0.999869 -0.009445 -0.013145 0.000000 0.007961 0.994042 -0.108708 12.655100 0.014094 0.108589 0.993987 0.000000 0.000000 0.000000 0.000000 1.000000
0.999869 -0.009449 -0.013114 -0.000000 0.007968 0.994041 -0.108720 12.655100 0.014063 0.108601 0.993986 0.000000 0.000000 0.000000 0.000000 1.000000
0.999870 -0.009455 -0.013078 0.000000 0.007978 0.994037 -0.108752 12.655100 0.014028 0.108633 0.993983 -0.000000 0.000000 0.000000 0.000000 1.000000
0.999870 -0.009464 -0.013060 0.000000 0.007988 0.994036 -0.108756 12.655100 0.014012 0.108637 0.993983 0.000000 0.000000 0.000000 0.000000 1.000000
0.999869 -0.009472 -0.013088 -0.000000 0.007994 0.994039 -0.108727 12.655100 0.014040 0.108608 0.993985 0.000000 0.000000 0.000000 0.000000 1.000000
0.999870 -0.009473 -0.013067 0.000000 0.007997 0.994047 -0.108657 12.655100 0.014018 0.108538 0.993993 0.000000 0.000000 0.000000 0.000000 1.000000
0.999869 -0.009487 -0.013077 0.000000 0.008010 0.994039 -0.108726 12.655100 0.014031 0.108607 0.993986 -0.000000 0.000000 0.000000 0.000000 1.000000
0.999869 -0.009501 -0.013112 0.000000 0.008019 0.994035 -0.108768 12.655100 0.014068 0.108649 0.993981 0.000000 0.000000 0.000000 0.000000 1.000000
0.999868 -0.009510 -0.013142 0.000000 0.008026 0.994045 -0.108678 12.655100 0.014098 0.108558 0.993990 0.000000 0.000000 0.000000 0.000000 1.000000
0.999868 -0.009517 -0.013188 0.000000 0.008028 0.994045 -0.108674 12.655100 0.014144 0.108554 0.993990 0.000000 0.000000 0.000000 0.000000 1.000000</float_array>
        <technique_common>
          <accessor source="#mixamorig_Spine1-Matrix-animation-output-transform-array" count="31" stride="16">
            <param type="float4x4"/>
          </accessor>
        </technique_common>
      </source>
      <source id="mixamorig_Spine1-Interpolations">
        <Name_array id="mixamorig_Spine1-Interpolations-array" count="31">
 LINEAR LINEAR LINEAR LINEAR LINEAR LINEAR LINEAR LINEAR LINEAR LINEAR LINEAR
LINEAR LINEAR LINEAR LINEAR LINEAR LINEAR LINEAR LINEAR LINEAR LINEAR LINEAR LINEAR
LINEAR LINEAR LINEAR LINEAR LINEAR LINEAR LINEAR LINEAR</Name_array>
        <technique_common>
          <accessor source="#mixamorig_Spine1-Interpolations-array" count="31">
            <param type="name"/>
          </accessor>
        </technique_common>
      </source>
      <sampler id="mixamorig_Spine1-Matrix-animation-transform">
        <input semantic="INPUT" source="#mixamorig_Spine1-Matrix-animation-input"/>
        <input semantic="OUTPUT" source="#mixamorig_Spine1-Matrix-animation-output-transform"/>
        <input semantic="INTERPOLATION" source="#mixamorig_Spine1-Interpolations"/>
      </sampler>
      <channel source="#mixamorig_Spine1-Matrix-animation-transform" target="mixamorig_Spine1/matrix"/>
    </animation>
    <animation id="mixamorig_Spine2-anim" name="mixamorig_Spine2">
      <source id="mixamorig_Spine2-Matrix-animation-input">
        <float_array id="mixamorig_Spine2-Matrix-animation-input-array" count="31">

0.000000 0.033333 0.066667 0.100000 0.133333 0.166667 0.200000 0.233333 0.266667 0.300000 0.333333 0.366667 0.400000 0.433333 0.466667 0.500000
0.533333 0.566667 0.600000 0.633333 0.666667 0.700000 0.733333 0.766667 0.800000 0.833333 0.866667 0.900000 0.933333 0.966667 1.000000</float_array>
        <technique_common>
          <accessor source="#mixamorig_Spine2-Matrix-animation-input-array" count="31">
            <param name="TIME" type="float"/>
          </accessor>
        </technique_common>
      </source>
      <source id="mixamorig_Spine2-Matrix-animation-output-transform">
        <float_array id="mixamorig_Spine2-Matrix-animation-output-transform-array" count="496">

0.999860 -0.009186 -0.014014 -0.000000 0.007038 0.989223 -0.146246 14.459700 0.015207 0.146127 0.989149 0.000000 0.000000 0.000000 0.000000 1.000000
0.999860 -0.009190 -0.014017 0.000000 0.007043 0.989231 -0.146193 14.459700 0.015210 0.146073 0.989157 0.000000 0.000000 0.000000 0.000000 1.000000
0.999860 -0.008993 -0.014091 0.000000 0.006834 0.989201 -0.146403 14.459700 0.015256 0.146286 0.989125 0.000000 0.000000 0.000000 0.000000 1.000000
0.999857 -0.008684 -0.014510 0.000000 0.006462 0.989157 -0.146718 14.459700 0.015627 0.146603 0.989072 -0.000000 0.000000 0.000000 0.000000 1.000000
0.999853 -0.008276 -0.015005 -0.000000 0.005980 0.989103 -0.147105 14.459700 0.016059 0.146994 0.989007 0.000000 0.000000 0.000000 0.000000 1.000000
0.999848 -0.007796 -0.015588 -0.000000 0.005411 0.989039 -0.147553 14.459700 0.016568 0.147446 0.988931 0.000000 0.000000 0.000000 0.000000 1.000000
0.999842 -0.007265 -0.016211 0.000000 0.004787 0.988976 -0.148001 14.459700 0.017107 0.147900 0.988854 0.000000 0.000000 0.000000 0.000000 1.000000
0.999836 -0.006704 -0.016831 -0.000000 0.004131 0.988904 -0.148497 14.459700 0.017640 0.148403 0.988770 0.000000 0.000000 0.000000 0.000000 1.000000
0.999828 -0.006148 -0.017475 0.000000 0.003477 0.988836 -0.148970 14.459700 0.018196 0.148883 0.988687 0.000000 0.000000 0.000000 0.000000 1.000000
0.999820 -0.005607 -0.018110 0.000000 0.002837 0.988763 -0.149468 14.459700 0.018745 0.149389 0.988601 -0.000000 0.000000 0.000000 0.000000 1.000000
0.999813 -0.005110 -0.018646 -0.000000 0.002257 0.988695 -0.149921 14.459700 0.019202 0.149851 0.988522 0.000000 0.000000 0.000000 0.000000 1.000000
0.999806 -0.004686 -0.019155 0.000000 0.001755 0.988641 -0.150285 14.459700 0.019642 0.150222 0.988457 0.000000 0.000000 0.000000 0.000000 1.000000
0.999800 -0.004349 -0.019500 0.000000 0.001362 0.988587 -0.150643 14.459700 0.019933 0.150586 0.988396 0.000000 0.000000 0.000000 0.000000 1.000000
0.999798 -0.004128 -0.019665 0.000000 0.001116 0.988565 -0.150789 14.459700 0.020062 0.150736 0.988370 0.000000 0.000000 0.000000 0.000000 1.000000
0.999798 -0.004076 -0.019661 0.000000 0.001065 0.988565 -0.150793 14.459700 0.020051 0.150741 0.988370 0.000000 0.000000 0.000000 0.000000 1.000000
0.999799 -0.004113 -0.019643 0.000000 0.001104 0.988566 -0.150782 14.459700 0.020039 0.150730 0.988372 0.000000 0.000000 0.000000 0.000000 1.000000
0.999799 -0.004286 -0.019562 -0.000000 0.001290 0.988590 -0.150627 14.459700 0.019985 0.150572 0.988397 0.000000 0.000000 0.000000 0.000000 1.000000
0.999804 -0.004558 -0.019282 0.000000 0.001605 0.988615 -0.150457 14.459700 0.019748 0.150397 0.988428 0.000000 0.000000 0.000000 0.000000 1.000000
0.999812 -0.004897 -0.018774 0.000000 0.002024 0.988668 -0.150108 14.459700 0.019296 0.150042 0.988491 0.000000 0.000000 0.000000 0.000000 1.000000
0.999819 -0.005307 -0.018284 0.000000 0.002509 0.988714 -0.149791 14.459700 0.018873 0.149718 0.988549 0.000000 0.000000 0.000000 0.000000 1.000000
0.999826 -0.005768 -0.017757 0.000000 0.003049 0.988764 -0.149455 14.459700 0.018419 0.149375 0.988609 0.000000 0.000000 0.000000 0.000000 1.000000
0.999833 -0.006248 -0.017201 0.000000 0.003618 0.988845 -0.148901 14.459700 0.017939 0.148814 0.988702 0.000000 0.000000 0.000000 0.000000 1.000000
0.999839 -0.006746 -0.016624 -0.000000 0.004203 0.988906 -0.148481 14.459700 0.017442 0.148388 0.988775 0.000000 0.000000 0.000000 0.000000 1.000000
0.999845 -0.007242 -0.016046 0.000000 0.004787 0.988963 -0.148083 14.459700 0.016942 0.147983 0.988845 -0.000000 0.000000 0.000000 0.000000 1.000000
0.999850 -0.007722 -0.015508 0.000000 0.005348 0.989023 -0.147667 14.459700 0.016478 0.147562 0.988916 -0.000000 0.000000 0.000000 0.000000 1.000000
0.999853 -0.008170 -0.015050 0.000000 0.005865 0.989082 -0.147247 14.459700 0.016089 0.147137 0.988985 0.000000 0.000000 0.000000 0.000000 1.000000
0.999857 -0.008550 -0.014597 -0.000000 0.006314 0.989142 -0.146825 14.459700 0.015694 0.146712 0.989055 0.000000 0.000000 0.000000 0.000000 1.000000
0.999858 -0.008873 -0.014315 0.000000 0.006679 0.989174 -0.146595 14.459700 0.015461 0.146479 0.989093 0.000000 0.000000 0.000000 0.000000 1.000000
0.999856 -0.009125 -0.014305 0.000000 0.006933 0.989200 -0.146409 14.459700 0.015487 0.146288 0.989121 0.000000 0.000000 0.000000 0.000000 1.000000
0.999855 -0.009212 -0.014321 0.000000 0.007019 0.989225 -0.146233 14.459700 0.015513 0.146112 0.989146 0.000000 0.000000 0.000000 0.000000 1.000000
0.999854 -0.009225 -0.014366 -0.000000 0.007026 0.989226 -0.146230 14.459700 0.015560 0.146107 0.989146 0.000000 0.000000 0.000000 0.000000 1.000000</float_array>
        <technique_common>
          <accessor source="#mixamorig_Spine2-Matrix-animation-output-transform-array" count="31" stride="16">
            <param type="float4x4"/>
          </accessor>
        </technique_common>
      </source>
      <source id="mixamorig_Spine2-Interpolations">
        <Name_array id="mixamorig_Spine2-Interpolations-array" count="31">
 LINEAR LINEAR LINEAR LINEAR LINEAR LINEAR LINEAR LINEAR LINEAR LINEAR LINEAR
LINEAR LINEAR LINEAR LINEAR LINEAR LINEAR LINEAR LINEAR LINEAR LINEAR LINEAR LINEAR
LINEAR LINEAR LINEAR LINEAR LINEAR LINEAR LINEAR LINEAR</Name_array>
        <technique_common>
          <accessor source="#mixamorig_Spine2-Interpolations-array" count="31">
            <param type="name"/>
          </accessor>
        </technique_common>
      </source>
      <sampler id="mixamorig_Spine2-Matrix-animation-transform">
        <input semantic="INPUT" source="#mixamorig_Spine2-Matrix-animation-input"/>
        <input semantic="OUTPUT" source="#mixamorig_Spine2-Matrix-animation-output-transform"/>
        <input semantic="INTERPOLATION" source="#mixamorig_Spine2-Interpolations"/>
      </sampler>
      <channel source="#mixamorig_Spine2-Matrix-animation-transform" target="mixamorig_Spine2/matrix"/>
    </animation>
    <animation id="mixamorig_Neck-anim" name="mixamorig_Neck">
      <source id="mixamorig_Neck-Matrix-animation-input">
        <float_array id="mixamorig_Neck-Matrix-animation-input-array" count="31">

0.000000 0.033333 0.066667 0.100000 0.133333 0.166667 0.200000 0.233333 0.266667 0.300000 0.333333 0.366667 0.400000 0.433333 0.466667 0.500000
0.533333 0.566667 0.600000 0.633333 0.666667 0.700000 0.733333 0.766667 0.800000 0.833333 0.866667 0.900000 0.933333 0.966667 1.000000</float_array>
        <technique_common>
          <accessor source="#mixamorig_Neck-Matrix-animation-input-array" count="31">
            <param name="TIME" type="float"/>
          </accessor>
        </technique_common>
      </source>
      <source id="mixamorig_Neck-Matrix-animation-output-transform">
        <float_array id="mixamorig_Neck-Matrix-animation-output-transform-array" count="496">

0.996586 0.033628 0.075399 0.000000 -0.036024 0.998881 0.030658 16.135700 -0.074284 -0.033270 0.996682 -0.000000 0.000000 0.000000 0.000000 1.000000
0.996585 0.033661 0.075400 0.000000 -0.036053 0.998882 0.030589 16.135700 -0.074286 -0.033203 0.996684 0.000000 0.000000 0.000000 0.000000 1.000000
0.996584 0.033759 0.075376 -0.000000 -0.036139 0.998883 0.030431 16.135700 -0.074264 -0.033051 0.996691 -0.000000 0.000000 0.000000 0.000000 1.000000
0.996584 0.033906 0.075302 0.000000 -0.036263 0.998887 0.030160 16.135700 -0.074196 -0.032787 0.996705 0.000000 0.000000 0.000000 0.000000 1.000000
0.996585 0.034109 0.075205 -0.000000 -0.036437 0.998891 0.029815 16.135700 -0.074104 -0.032453 0.996722 0.000000 0.000000 0.000000 0.000000 1.000000
0.996585 0.034346 0.075089 0.000000 -0.036642 0.998896 0.029408 16.135700 -0.073996 -0.032059 0.996743 0.000000 0.000000 0.000000 0.000000 1.000000
0.996585 0.034620 0.074963 -0.000000 -0.036878 0.998900 0.028954 16.135700 -0.073878 -0.031620 0.996766 0.000000 0.000000 0.000000 0.000000 1.000000
0.996585 0.034906 0.074827 -0.000000 -0.037124 0.998905 0.028462 16.135700 -0.073751 -0.031142 0.996790 -0.000000 0.000000 0.000000 0.000000 1.000000
0.996586 0.035204 0.074682 0.000000 -0.037380 0.998910 0.027950 16.135700 -0.073616 -0.030646 0.996816 0.000000 0.000000 0.000000 0.000000 1.000000
0.996586 0.035504 0.074541 -0.000000 -0.037638 0.998915 0.027434 16.135700 -0.073486 -0.030146 0.996841 0.000000 0.000000 0.000000 0.000000 1.000000
0.996586 0.035801 0.074399 -0.000000 -0.037895 0.998919 0.026924 16.135700 -0.073355 -0.029652 0.996865 0.000000 0.000000 0.000000 0.000000 1.000000
0.996585 0.036082 0.074269 0.000000 -0.038139 0.998922 0.026464 16.135700 -0.073234 -0.029207 0.996887 -0.000000 0.000000 0.000000 0.000000 1.000000
0.996585 0.036333 0.074150 0.000000 -0.038354 0.998925 0.026021 16.135700 -0.073125 -0.028776 0.996908 0.000000 0.000000 0.000000 0.000000 1.000000
0.996585 0.036560 0.074044 -0.000000 -0.038551 0.998928 0.025637 16.135700 -0.073027 -0.028403 0.996925 0.000000 0.000000 0.000000 0.000000 1.000000
0.996585 0.036736 0.073958 -0.000000 -0.038703 0.998929 0.025347 16.135700 -0.072948 -0.028123 0.996939 0.000000 0.000000 0.000000 0.000000 1.000000
0.996584 0.036868 0.073901 0.000000 -0.038818 0.998930 0.025128 16.135700 -0.072896 -0.027911 0.996949 -0.000000 0.000000 0.000000 0.000000 1.000000
0.996584 0.036931 0.073871 -0.000000 -0.038871 0.998932 0.024993 16.135700 -0.072869 -0.027779 0.996955 0.000000 0.000000 0.000000 0.000000 1.000000
0.996584 0.036927 0.073869 0.000000 -0.038869 0.998931 0.025023 16.135700 -0.072866 -0.027809 0.996954 -0.000000 0.000000 0.000000 0.000000 1.000000
0.996584 0.036831 0.073919 -0.000000 -0.038784 0.998931 0.025167 16.135700 -0.072913 -0.027948 0.996947 -0.000000 0.000000 0.000000 0.000000 1.000000
0.996584 0.036643 0.074005 0.000000 -0.038623 0.998928 0.025502 16.135700 -0.072991 -0.028273 0.996932 -0.000000 0.000000 0.000000 0.000000 1.000000
0.996585 0.036387 0.074124 0.000000 -0.038401 0.998926 0.025935 16.135700 -0.073101 -0.028693 0.996912 -0.000000 0.000000 0.000000 0.000000 1.000000
0.996585 0.036082 0.074268 0.000000 -0.038138 0.998922 0.026459 16.135700 -0.073233 -0.029201 0.996887 0.000000 0.000000 0.000000 0.000000 1.000000
0.996586 0.035738 0.074430 0.000000 -0.037840 0.998918 0.027034 16.135700 -0.073383 -0.029758 0.996860 0.000000 0.000000 0.000000 0.000000 1.000000
0.996586 0.035375 0.074604 0.000000 -0.037528 0.998913 0.027657 16.135700 -0.073544 -0.030363 0.996830 -0.000000 0.000000 0.000000 0.000000 1.000000
0.996586 0.035006 0.074777 -0.000000 -0.037210 0.998907 0.028289 16.135700 -0.073704 -0.030975 0.996799 0.000000 0.000000 0.000000 0.000000 1.000000
0.996585 0.034648 0.074947 0.000000 -0.036900 0.998901 0.028884 16.135700 -0.073864 -0.031551 0.996769 0.000000 0.000000 0.000000 0.000000 1.000000
0.996585 0.034323 0.075104 -0.000000 -0.036623 0.998895 0.029458 16.135700 -0.074010 -0.032108 0.996740 0.000000 0.000000 0.000000 0.000000 1.000000
0.996584 0.034039 0.075239 -0.000000 -0.036378 0.998889 0.029942 16.135700 -0.074136 -0.032576 0.996716 0.000000 0.000000 0.000000 0.000000 1.000000
0.996584 0.033816 0.075343 0.000000 -0.036186 0.998885 0.030323 16.135700 -0.074233 -0.032946 0.996697 -0.000000 0.000000 0.000000 0.000000 1.000000
0.996584 0.033674 0.075414 0.000000 -0.036064 0.998882 0.030567 16.135700 -0.074301 -0.033183 0.996684 -0.000000 0.000000 0.000000 0.000000 1.000000
0.996584 0.033622 0.075432 0.000000 -0.036020 0.998881 0.030659 16.135700 -0.074317 -0.033271 0.996679 0.000000 0.000000 0.000000 0.000000 1.000000</float_array>
        <technique_common>
          <accessor source="#mixamorig_Neck-Matrix-animation-output-transform-array" count="31" stride="16">
            <param type="float4x4"/>
          </accessor>
        </technique_common>
      </source>
      <source id="mixamorig_Neck-Interpolations">
        <Name_array id="mixamorig_Neck-Interpolations-array" count="31">
 LINEAR LINEAR LINEAR LINEAR LINEAR LINEAR LINEAR LINEAR LINEAR LINEAR LINEAR
LINEAR LINEAR LINEAR LINEAR LINEAR LINEAR LINEAR LINEAR LINEAR LINEAR LINEAR LINEAR
LINEAR LINEAR LINEAR LINEAR LINEAR LINEAR LINEAR LINEAR</Name_array>
        <technique_common>
          <accessor source="#mixamorig_Neck-Interpolations-array" count="31">
            <param type="name"/>
          </accessor>
        </technique_common>
      </source>
      <sampler id="mixamorig_Neck-Matrix-animation-transform">
        <input semantic="INPUT" source="#mixamorig_Neck-Matrix-animation-input"/>
        <input semantic="OUTPUT" source="#mixamorig_Neck-Matrix-animation-output-transform"/>
        <input semantic="INTERPOLATION" source="#mixamorig_Neck-Interpolations"/>
      </sampler>
      <channel source="#mixamorig_Neck-Matrix-animation-transform" target="mixamorig_Neck/matrix"/>
    </animation>
    <animation id="mixamorig_Head-anim" name="mixamorig_Head">
      <source id="mixamorig_Head-Matrix-animation-input">
        <float_array id="mixamorig_Head-Matrix-animation-input-array" count="31">

0.000000 0.033333 0.066667 0.100000 0.133333 0.166667 0.200000 0.233333 0.266667 0.300000 0.333333 0.366667 0.400000 0.433333 0.466667 0.500000
0.533333 0.566667 0.600000 0.633333 0.666667 0.700000 0.733333 0.766667 0.800000 0.833333 0.866667 0.900000 0.933333 0.966667 1.000000</float_array>
        <technique_common>
          <accessor source="#mixamorig_Head-Matrix-animation-input-array" count="31">
            <param name="TIME" type="float"/>
          </accessor>
        </technique_common>
      </source>
      <source id="mixamorig_Head-Matrix-animation-output-transform">
        <float_array id="mixamorig_Head-Matrix-animation-output-transform-array" count="496">

0.911443 0.071226 0.405214 0.000000 -0.004713 0.986644 -0.162826 6.791300 -0.411399 0.146497 0.899605 0.000000 0.000000 0.000000 0.000000 1.000000
0.911446 0.071388 0.405178 0.000000 -0.004777 0.986601 -0.163083 6.791300 -0.411391 0.146706 0.899575 -0.000000 0.000000 0.000000 0.000000 1.000000
0.911483 0.072041 0.404981 0.000000 -0.005095 0.986446 -0.164009 6.791300 -0.411307 0.147428 0.899495 0.000000 0.000000 0.000000 0.000000 1.000000
0.911569 0.073049 0.404605 0.000000 -0.005608 0.986207 -0.165419 6.791300 -0.411108 0.148521 0.899406 0.000000 0.000000 0.000000 0.000000 1.000000
0.911607 0.074380 0.404278 0.000000 -0.006264 0.985893 -0.167260 6.791300 -0.411016 0.149943 0.899212 0.000000 0.000000 0.000000 0.000000 1.000000
0.911650 0.075961 0.403887 0.000000 -0.007045 0.985514 -0.169448 6.791300 -0.410908 0.151631 0.898979 0.000000 0.000000 0.000000 0.000000 1.000000
0.911694 0.077728 0.403450 0.000000 -0.007915 0.985083 -0.171899 6.791300 -0.410793 0.153526 0.898709 -0.000000 0.000000 0.000000 0.000000 1.000000
0.911738 0.079634 0.402978 -0.000000 -0.008860 0.984613 -0.174527 6.791300 -0.410676 0.155552 0.898415 0.000000 0.000000 0.000000 0.000000 1.000000
0.911780 0.081608 0.402489 0.000000 -0.009836 0.984115 -0.177257 6.791300 -0.410561 0.157661 0.898099 0.000000 0.000000 0.000000 0.000000 1.000000
0.911820 0.083600 0.401990 0.000000 -0.010823 0.983606 -0.180006 6.791300 -0.410448 0.159782 0.897776 0.000000 0.000000 0.000000 0.000000 1.000000
0.911857 0.085537 0.401496 -0.000000 -0.011783 0.983101 -0.182684 6.791300 -0.410338 0.161851 0.897456 0.000000 0.000000 0.000000 0.000000 1.000000
0.911888 0.087372 0.401032 -0.000000 -0.012683 0.982611 -0.185240 6.791300 -0.410244 0.163831 0.897140 -0.000000 0.000000 0.000000 0.000000 1.000000
0.911913 0.089059 0.400603 -0.000000 -0.013525 0.982161 -0.187557 6.791300 -0.410160 0.165618 0.896850 -0.000000 0.000000 0.000000 0.000000 1.000000
0.911934 0.090512 0.400230 0.000000 -0.014246 0.981764 -0.189567 6.791300 -0.410090 0.167171 0.896594 0.000000 0.000000 0.000000 0.000000 1.000000
0.911950 0.091691 0.399925 0.000000 -0.014823 0.981436 -0.191214 6.791300 -0.410033 0.168450 0.896380 0.000000 0.000000 0.000000 0.000000 1.000000
0.911982 0.092526 0.399661 0.000000 -0.015242 0.981202 -0.192379 6.791300 -0.409948 0.169355 0.896249 -0.000000 0.000000 0.000000 0.000000 1.000000
0.911997 0.092975 0.399520 0.000000 -0.015475 0.981079 -0.192988 6.791300 -0.409904 0.169822 0.896180 0.000000 0.000000 0.000000 0.000000 1.000000
0.911999 0.092946 0.399524 -0.000000 -0.015453 0.981084 -0.192966 6.791300 -0.409902 0.169811 0.896184 0.000000 0.000000 0.000000 0.000000 1.000000
0.911972 0.092288 0.399738 0.000000 -0.015132 0.981274 -0.192024 6.791300 -0.409974 0.169072 0.896290 0.000000 0.000000 0.000000 0.000000 1.000000
0.911941 0.091076 0.400086 -0.000000 -0.014522 0.981608 -0.190354 6.791300 -0.410064 0.167781 0.896491 0.000000 0.000000 0.000000 0.000000 1.000000
0.911920 0.089402 0.400511 0.000000 -0.013693 0.982066 -0.188038 6.791300 -0.410140 0.165991 0.896790 -0.000000 0.000000 0.000000 0.000000 1.000000
0.911888 0.087373 0.401031 -0.000000 -0.012686 0.982612 -0.185239 6.791300 -0.410243 0.163830 0.897140 0.000000 0.000000 0.000000 0.000000 1.000000
0.911848 0.085112 0.401608 0.000000 -0.011572 0.983213 -0.182096 6.791300 -0.410365 0.161397 0.897526 0.000000 0.000000 0.000000 0.000000 1.000000
0.911804 0.082712 0.402210 -0.000000 -0.010384 0.983834 -0.178780 6.791300 -0.410495 0.158836 0.897923 0.000000 0.000000 0.000000 0.000000 1.000000
0.911752 0.080282 0.402819 0.000000 -0.009179 0.984450 -0.175425 6.791300 -0.410638 0.156246 0.898311 0.000000 0.000000 0.000000 0.000000 1.000000
0.911698 0.077939 0.403401 0.000000 -0.008028 0.985035 -0.172170 6.791300 -0.410782 0.153728 0.898680 0.000000 0.000000 0.000000 0.000000 1.000000
0.911646 0.075772 0.403932 0.000000 -0.006949 0.985558 -0.169193 6.791300 -0.410919 0.151437 0.899006 0.000000 0.000000 0.000000 0.000000 1.000000
0.911594 0.073903 0.404393 0.000000 -0.006027 0.986005 -0.166606 6.791300 -0.411047 0.149440 0.899282 0.000000 0.000000 0.000000 0.000000 1.000000
0.911555 0.072435 0.404748 0.000000 -0.005302 0.986350 -0.164578 6.791300 -0.411144 0.147876 0.899496 0.000000 0.000000 0.000000 0.000000 1.000000
0.911472 0.071492 0.405102 -0.000000 -0.004827 0.986573 -0.163250 6.791300 -0.411334 0.146843 0.899579 0.000000 0.000000 0.000000 0.000000 1.000000
0.911449 0.071155 0.405213 -0.000000 -0.004659 0.986652 -0.162776 6.791300 -0.411387 0.146474 0.899614 -0.000000 0.000000 0.000000 0.000000 1.000000</float_array>
        <technique_common>
