<?xml version="1.0" encoding="utf-8"?>
<COLLADA xmlns="http://www.collada.org/2005/11/COLLADASchema" version="1.4.1">
  <asset>
    <contributor>
      <author>Mixamo</author>
      <authoring_tool>COLLADA Mixamo exporter</authoring_tool>
      <comments/>
    </contributor>
    <created>2025-11-20T10:34:39Z</created>
    <modified>2025-11-20T10:34:39Z</modified>
    <revision/>
    <title/>
    <unit meter="0.010000"/>
    <up_axis>Y_UP</up_axis>
  </asset>
  <library_animations>
    <animation id="mixamorig_Hips-anim" name="mixamorig_Hips">
      <source id="mixamorig_Hips-Matrix-animation-input">
        <float_array id="mixamorig_Hips-Matrix-animation-input-array" count="21">

0.000000 0.033333 0.066667 0.100000 0.133333 0.166667 0.200000 0.233333 0.266667 0.300000 0.333333 0.366667 0.400000 0.433333 0.466667 0.500000
0.533333 0.566667 0.600000 0.633333 0.666667</float_array>
        <technique_common>
          <accessor source="#mixamorig_Hips-Matrix-animation-input-array" count="21">
            <param name="TIME" type="float"/>
          </accessor>
        </technique_common>
      </source>
      <source id="mixamorig_Hips-Matrix-animation-output-transform">
        <float_array id="mixamorig_Hips-Matrix-animation-output-transform-array" count="336">

0.595079 -0.019344 -0.803434 -2.275579 0.032532 0.999471 0.000032 112.903374 0.803008 -0.026157 0.595394 1.498295 0.000000 0.000000 0.000000 1.000000
0.595265 -0.019217 -0.803299 -2.294471 0.032939 0.999457 0.000499 113.024078 0.802854 -0.026757 0.595575 1.495267 0.000000 0.000000 0.000000 1.000000
0.598461 -0.019081 -0.800925 -2.488891 0.041419 0.999116 0.007146 112.913773 0.800080 -0.037450 0.598723 1.434443 0.000000 0.000000 0.000000 1.000000
0.606705 -0.018620 -0.794709 -2.874578 0.050470 0.998611 0.015132 112.106049 0.793323 -0.049289 0.606802 1.303465 0.000000 0.000000 0.000000 1.000000
0.621086 -0.018038 -0.783535 -3.263951 0.059321 0.997949 0.024048 111.415131 0.781494 -0.061416 0.620883 1.084959 0.000000 0.000000 0.000000 1.000000
0.650516 -0.017656 -0.759287 -3.604423 0.067683 0.997100 0.034801 110.984764 0.756471 -0.074029 0.649825 0.837869 0.000000 0.000000 0.000000 1.000000
0.676177 -0.019288 -0.736487 -3.869812 0.074038 0.996376 0.041880 110.677612 0.733010 -0.082846 0.675154 0.655102 0.000000 0.000000 0.000000 1.000000
0.661559 -0.026223 -0.749434 -4.023309 0.082412 0.995877 0.037904 110.380722 0.745351 -0.086838 0.660993 0.526155 0.000000 0.000000 0.000000 1.000000
0.612675 -0.035859 -0.789521 -3.895595 0.086922 0.995967 0.022217 110.681999 0.785541 -0.082239 0.613321 0.896252 0.000000 0.000000 0.000000 1.000000
0.578134 -0.055245 -0.814070 -3.553969 0.091819 0.995773 -0.002368 111.244583 0.810759 -0.073378 0.580762 1.044445 0.000000 0.000000 0.000000 1.000000
0.563293 -0.086235 -0.821745 -3.009513 0.093161 0.994825 -0.040538 108.366409 0.820989 -0.053720 0.568411 0.658646 0.000000 0.000000 0.000000 1.000000
0.565922 -0.123574 -0.815145 -2.458903 0.086261 0.992152 -0.090521 101.809013 0.819933 -0.019088 0.572141 0.161091 0.000000 0.000000 0.000000 1.000000
0.578167 -0.190037 -0.793479 -1.771116 0.078698 0.980952 -0.177593 94.623787 0.812114 0.040234 0.582110 -0.793984 0.000000 0.000000 0.000000 1.000000
0.584086 -0.258419 -0.769456 -1.075100 0.078198 0.961472 -0.263548 90.594780 0.807916 0.093764 0.581790 -1.956022 0.000000 0.000000 0.000000 1.000000
0.575999 -0.316850 -0.753546 -0.415132 0.084559 0.939974 -0.330604 88.451340 0.813065 0.126708 0.568216 -3.077603 0.000000 0.000000 0.000000 1.000000
0.562461 -0.350539 -0.748839 0.102133 0.101256 0.928067 -0.358383 88.396217 0.820600 0.125752 0.557496 -3.922697 0.000000 0.000000 0.000000 1.000000
0.549910 -0.356657 -0.755245 0.357245 0.119949 0.928593 -0.351181 90.187088 0.826566 0.102527 0.553423 -4.199161 0.000000 0.000000 0.000000 1.000000
0.547387 -0.303507 -0.779905 0.246193 0.117394 0.950552 -0.287522 93.743591 0.828605 0.065830 0.555949 -3.771278 0.000000 0.000000 0.000000 1.000000
0.551969 -0.195031 -0.810736 -0.071072 0.095635 0.980654 -0.170796 98.861984 0.828363 0.016739 0.559942 -2.873646 0.000000 0.000000 0.000000 1.000000
0.556177 -0.060009 -0.828894 -0.420170 0.064945 0.997478 -0.028637 104.978104 0.828522 -0.037905 0.558672 -1.449544 0.000000 0.000000 0.000000 1.000000
0.556084 0.070693 -0.828114 -0.801444 0.035714 0.993423 0.108787 111.357277 0.830359 -0.090069 0.549902 0.343498 0.000000 0.000000 0.000000 1.000000</float_array>
        <technique_common>
          <accessor source="#mixamorig_Hips-Matrix-animation-output-transform-array" count="21" stride="16">
            <param type="float4x4"/>
          </accessor>
        </technique_common>
      </source>
      <source id="mixamorig_Hips-Interpolations">
        <Name_array id="mixamorig_Hips-Interpolations-array" count="21">
 LINEAR LINEAR LINEAR LINEAR LINEAR LINEAR LINEAR LINEAR LINEAR LINEAR LINEAR
LINEAR LINEAR LINEAR LINEAR LINEAR LINEAR LINEAR LINEAR LINEAR LINEAR</Name_array>
        <technique_common>
          <accessor source="#mixamorig_Hips-Interpolations-array" count="21">
            <param type="name"/>
          </accessor>
        </technique_common>
      </source>
      <sampler id="mixamorig_Hips-Matrix-animation-transform">
        <input semantic="INPUT" source="#mixamorig_Hips-Matrix-animation-input"/>
        <input semantic="OUTPUT" source="#mixamorig_Hips-Matrix-animation-output-transform"/>
        <input semantic="INTERPOLATION" source="#mixamorig_Hips-Interpolations"/>
      </sampler>
      <channel source="#mixamorig_Hips-Matrix-animation-transform" target="mixamorig_Hips/matrix"/>
    </animation>
    <animation id="mixamorig_Spine-anim" name="mixamorig_Spine">
      <source id="mixamorig_Spine-Matrix-animation-input">
        <float_array id="mixamorig_Spine-Matrix-animation-input-array" count="21">

0.000000 0.033333 0.066667 0.100000 0.133333 0.166667 0.200000 0.233333 0.266667 0.300000 0.333333 0.366667 0.400000 0.433333 0.466667 0.500000
0.533333 0.566667 0.600000 0.633333 0.666667</float_array>
        <technique_common>
          <accessor source="#mixamorig_Spine-Matrix-animation-input-array" count="21">
            <param name="TIME" type="float"/>
          </accessor>
        </technique_common>
      </source>
      <source id="mixamorig_Spine-Matrix-animation-output-transform">
        <float_array id="mixamorig_Spine-Matrix-animation-output-transform-array" count="336">

0.999963 0.004261 -0.007497 -0.006600 -0.006090 0.964457 -0.264170 10.822600 0.006105 0.264206 0.964447 -0.430700 0.000000 0.000000 0.000000 1.000000
0.999955 0.004454 -0.008371 -0.006600 -0.006357 0.969946 -0.243238 10.822600 0.007036 0.243280 0.969930 -0.430700 0.000000 0.000000 0.000000 1.000000
0.999955 0.004206 -0.008491 -0.006600 -0.005967 0.975624 -0.219367 10.822600 0.007361 0.219408 0.975605 -0.430700 0.000000 0.000000 0.000000 1.000000
0.999982 0.002559 -0.005447 -0.006600 -0.003579 0.980530 -0.196337 10.822600 0.004838 0.196352 0.980521 -0.430700 0.000000 0.000000 0.000000 1.000000
0.999993 -0.003749 -0.000147 -0.006600 0.003665 0.984507 -0.175304 10.822600 0.000802 0.175303 0.984514 -0.430700 0.000000 0.000000 0.000000 1.000000
0.999932 -0.009037 0.007433 -0.006600 0.010101 0.987314 -0.158460 10.822600 -0.005907 0.158524 0.987337 -0.430700 0.000000 0.000000 0.000000 1.000000
0.999845 -0.008845 0.015234 -0.006600 0.010988 0.989095 -0.146865 10.822600 -0.013768 0.147010 0.989039 -0.430700 0.000000 0.000000 0.000000 1.000000
0.999817 0.002009 0.019001 -0.006600 0.000502 0.991355 -0.131206 10.822600 -0.019100 0.131191 0.991173 -0.430700 0.000000 0.000000 0.000000 1.000000
0.999714 0.013626 0.019668 -0.006600 -0.011360 0.993747 -0.111073 10.822600 -0.021058 0.110818 0.993618 -0.430700 0.000000 0.000000 0.000000 1.000000
0.999349 0.030910 0.018583 -0.006600 -0.029062 0.995279 -0.092597 10.822600 -0.021358 0.091997 0.995530 -0.430700 0.000000 0.000000 0.000000 1.000000
0.998288 0.056577 0.014821 -0.006600 -0.055421 0.996054 -0.069325 10.822600 -0.018684 0.068385 0.997484 -0.430700 0.000000 0.000000 0.000000 1.000000
0.996264 0.085404 0.012803 -0.006600 -0.084827 0.995578 -0.040358 10.822600 -0.016194 0.039121 0.999103 -0.430700 0.000000 0.000000 0.000000 1.000000
0.989931 0.140905 0.013536 -0.006600 -0.141015 0.989979 0.007559 10.822600 -0.012335 -0.009392 0.999880 -0.430700 0.000000 0.000000 0.000000 1.000000
0.979892 0.198444 0.020754 -0.006600 -0.199262 0.978636 0.050652 10.822600 -0.010259 -0.053769 0.998501 -0.430700 0.000000 0.000000 0.000000 1.000000
0.969566 0.242762 0.031744 -0.006600 -0.244638 0.965749 0.086496 10.822600 -0.009659 -0.091629 0.995746 -0.430700 0.000000 0.000000 0.000000 1.000000
0.964664 0.260537 0.039288 -0.006600 -0.263313 0.958621 0.108223 10.822600 -0.009466 -0.114744 0.993350 -0.430700 0.000000 0.000000 0.000000 1.000000
0.959778 0.276485 0.048811 -0.006600 -0.280718 0.948034 0.149765 10.822600 -0.004867 -0.157443 0.987516 -0.430700 0.000000 0.000000 0.000000 1.000000
0.960259 0.274051 0.052896 -0.006600 -0.279108 0.942261 0.185051 10.822600 0.000872 -0.192460 0.981304 -0.430700 0.000000 0.000000 0.000000 1.000000
0.973493 0.225037 0.040870 -0.006600 -0.228716 0.958725 0.168927 10.822600 -0.001169 -0.173796 0.984781 -0.430700 0.000000 0.000000 0.000000 1.000000
0.991661 0.127498 0.018791 -0.006600 -0.128624 0.988255 0.082516 10.822600 -0.008050 -0.084245 0.996413 -0.430700 0.000000 0.000000 0.000000 1.000000
0.999924 -0.009170 0.008208 -0.006600 0.009745 0.997291 -0.072916 10.822600 -0.007517 0.072990 0.997304 -0.430700 0.000000 0.000000 0.000000 1.000000</float_array>
        <technique_common>
          <accessor source="#mixamorig_Spine-Matrix-animation-output-transform-array" count="21" stride="16">
            <param type="float4x4"/>
          </accessor>
        </technique_common>
      </source>
      <source id="mixamorig_Spine-Interpolations">
        <Name_array id="mixamorig_Spine-Interpolations-array" count="21">
 LINEAR LINEAR LINEAR LINEAR LINEAR LINEAR LINEAR LINEAR LINEAR LINEAR LINEAR
LINEAR LINEAR LINEAR LINEAR LINEAR LINEAR LINEAR LINEAR LINEAR LINEAR</Name_array>
        <technique_common>
          <accessor source="#mixamorig_Spine-Interpolations-array" count="21">
            <param type="name"/>
          </accessor>
        </technique_common>
      </source>
      <sampler id="mixamorig_Spine-Matrix-animation-transform">
        <input semantic="INPUT" source="#mixamorig_Spine-Matrix-animation-input"/>
        <input semantic="OUTPUT" source="#mixamorig_Spine-Matrix-animation-output-transform"/>
        <input semantic="INTERPOLATION" source="#mixamorig_Spine-Interpolations"/>
      </sampler>
      <channel source="#mixamorig_Spine-Matrix-animation-transform" target="mixamorig_Spine/matrix"/>
    </animation>
    <animation id="mixamorig_Spine1-anim" name="mixamorig_Spine1">
      <source id="mixamorig_Spine1-Matrix-animation-input">
        <float_array id="mixamorig_Spine1-Matrix-animation-input-array" count="21">

0.000000 0.033333 0.066667 0.100000 0.133333 0.166667 0.200000 0.233333 0.266667 0.300000 0.333333 0.366667 0.400000 0.433333 0.466667 0.500000
0.533333 0.566667 0.600000 0.633333 0.666667</float_array>
        <technique_common>
          <accessor source="#mixamorig_Spine1-Matrix-animation-input-array" count="21">
            <param name="TIME" type="float"/>
          </accessor>
        </technique_common>
      </source>
      <source id="mixamorig_Spine1-Matrix-animation-output-transform">
        <float_array id="mixamorig_Spine1-Matrix-animation-output-transform-array" count="336">

0.999868 -0.009511 -0.013163 0.000000 0.008025 0.994043 -0.108692 12.655100 0.014119 0.108572 0.993988 -0.000000 0.000000 0.000000 0.000000 1.000000
0.999816 -0.009935 -0.016428 -0.000000 0.008098 0.994081 -0.108337 12.655100 0.017407 0.108184 0.993979 0.000000 0.000000 0.000000 0.000000 1.000000
0.999733 -0.010501 -0.020564 0.000000 0.008223 0.994127 -0.107908 12.655100 0.021576 0.107710 0.993948 -0.000000 0.000000 0.000000 0.000000 1.000000
0.999750 -0.010366 -0.019807 0.000000 0.008177 0.994161 -0.107600 12.655100 0.020807 0.107411 0.993997 0.000000 0.000000 0.000000 0.000000 1.000000
0.999824 -0.009866 -0.015928 -0.000000 0.008096 0.994163 -0.107587 12.655100 0.016896 0.107439 0.994068 0.000000 0.000000 0.000000 0.000000 1.000000
0.999924 -0.008952 -0.008533 0.000000 0.007980 0.994142 -0.107789 12.655100 0.009448 0.107713 0.994137 -0.000000 0.000000 0.000000 0.000000 1.000000
0.999968 -0.007973 -0.000515 0.000000 0.007871 0.994109 -0.108098 12.655100 0.001374 0.108091 0.994140 0.000000 0.000000 0.000000 0.000000 1.000000
0.999932 -0.011498 0.002007 0.000000 0.011650 0.993609 -0.112271 12.655100 -0.000703 0.112286 0.993676 0.000000 0.000000 0.000000 0.000000 1.000000
0.999828 -0.018536 -0.000897 0.000000 0.018292 0.992502 -0.120852 12.655100 0.003130 0.120815 0.992670 0.000000 0.000000 0.000000 0.000000 1.000000
0.999670 -0.025584 -0.002179 -0.000000 0.025077 0.991052 -0.131099 12.655100 0.005513 0.131001 0.991367 0.000000 0.000000 0.000000 0.000000 1.000000
0.999372 -0.035436 -0.000922 -0.000000 0.034923 0.988701 -0.145776 12.655100 0.006078 0.145652 0.989317 -0.000000 0.000000 0.000000 0.000000 1.000000
0.998805 -0.048756 0.003353 0.000000 0.048645 0.985242 -0.164109 12.655100 0.004698 0.164076 0.986437 -0.000000 0.000000 0.000000 0.000000 1.000000
0.997159 -0.074137 0.013324 -0.000000 0.075311 0.977894 -0.195070 12.655100 0.001432 0.195520 0.980699 -0.000000 0.000000 0.000000 0.000000 1.000000
0.994709 -0.099969 0.023650 0.000000 0.102726 0.969554 -0.222290 12.655100 -0.000708 0.223543 0.974694 0.000000 0.000000 0.000000 0.000000 1.000000
0.992222 -0.120982 0.029292 0.000000 0.124471 0.961829 -0.243706 12.655100 0.001310 0.245456 0.969407 0.000000 0.000000 0.000000 0.000000 1.000000
0.991178 -0.129126 0.029886 0.000000 0.132477 0.958233 -0.253454 12.655100 0.004090 0.255177 0.966886 0.000000 0.000000 0.000000 0.000000 1.000000
0.990093 -0.136454 0.033118 -0.000000 0.140331 0.953435 -0.266963 12.655100 0.004852 0.268966 0.963137 0.000000 0.000000 0.000000 0.000000 1.000000
0.990229 -0.133948 0.038794 0.000000 0.139452 0.951659 -0.273677 12.655100 -0.000260 0.276412 0.961039 -0.000000 0.000000 0.000000 0.000000 1.000000
0.993161 -0.110368 0.038070 0.000000 0.116429 0.960433 -0.253009 12.655100 -0.008639 0.255712 0.966715 0.000000 0.000000 0.000000 0.000000 1.000000
0.997317 -0.066877 0.029768 -0.000000 0.071459 0.977654 -0.197701 12.655100 -0.015881 0.199298 0.979810 0.000000 0.000000 0.000000 0.000000 1.000000
0.999798 -0.005132 0.019432 0.000000 0.007226 0.993989 -0.109238 12.655100 -0.018755 0.109356 0.993826 -0.000000 0.000000 0.000000 0.000000 1.000000</float_array>
        <technique_common>
          <accessor source="#mixamorig_Spine1-Matrix-animation-output-transform-array" count="21" stride="16">
            <param type="float4x4"/>
          </accessor>
        </technique_common>
      </source>
      <source id="mixamorig_Spine1-Interpolations">
        <Name_array id="mixamorig_Spine1-Interpolations-array" count="21">
 LINEAR LINEAR LINEAR LINEAR LINEAR LINEAR LINEAR LINEAR LINEAR LINEAR LINEAR
LINEAR LINEAR LINEAR LINEAR LINEAR LINEAR LINEAR LINEAR LINEAR LINEAR</Name_array>
        <technique_common>
          <accessor source="#mixamorig_Spine1-Interpolations-array" count="21">
            <param type="name"/>
          </accessor>
        </technique_common>
      </source>
      <sampler id="mixamorig_Spine1-Matrix-animation-transform">
        <input semantic="INPUT" source="#mixamorig_Spine1-Matrix-animation-input"/>
        <input semantic="OUTPUT" source="#mixamorig_Spine1-Matrix-animation-output-transform"/>
        <input semantic="INTERPOLATION" source="#mixamorig_Spine1-Interpolations"/>
      </sampler>
      <channel source="#mixamorig_Spine1-Matrix-animation-transform" target="mixamorig_Spine1/matrix"/>
    </animation>
    <animation id="mixamorig_Spine2-anim" name="mixamorig_Spine2">
      <source id="mixamorig_Spine2-Matrix-animation-input">
        <float_array id="mixamorig_Spine2-Matrix-animation-input-array" count="21">

0.000000 0.033333 0.066667 0.100000 0.133333 0.166667 0.200000 0.233333 0.266667 0.300000 0.333333 0.366667 0.400000 0.433333 0.466667 0.500000
0.533333 0.566667 0.600000 0.633333 0.666667</float_array>
        <technique_common>
          <accessor source="#mixamorig_Spine2-Matrix-animation-input-array" count="21">
            <param name="TIME" type="float"/>
          </accessor>
        </technique_common>
      </source>
      <source id="mixamorig_Spine2-Matrix-animation-output-transform">
        <float_array id="mixamorig_Spine2-Matrix-animation-output-transform-array" count="336">

0.999862 -0.009280 -0.013797 -0.000000 0.007165 0.989240 -0.146129 14.459700 0.015004 0.146010 0.989169 0.000000 0.000000 0.000000 0.000000 1.000000
0.999805 -0.010111 -0.016983 -0.000000 0.007529 0.989290 -0.145766 14.459700 0.018275 0.145609 0.989173 0.000000 0.000000 0.000000 0.000000 1.000000
0.999716 -0.011202 -0.021015 -0.000000 0.008031 0.989351 -0.145325 14.459700 0.022419 0.145115 0.989161 0.000000 0.000000 0.000000 0.000000 1.000000
0.999734 -0.010970 -0.020283 -0.000000 0.007914 0.989397 -0.145020 14.459700 0.021659 0.144821 0.989221 0.000000 0.000000 0.000000 0.000000 1.000000
0.999814 -0.009973 -0.016501 0.000000 0.007476 0.989401 -0.145019 14.459700 0.017773 0.144869 0.989291 0.000000 0.000000 0.000000 0.000000 1.000000
0.999924 -0.008113 -0.009291 -0.000000 0.006677 0.989372 -0.145250 14.459700 0.010371 0.145177 0.989351 -0.000000 0.000000 0.000000 0.000000 1.000000
0.999980 -0.006092 -0.001474 0.000000 0.005812 0.989327 -0.145596 14.459700 0.002345 0.145584 0.989343 0.000000 0.000000 0.000000 0.000000 1.000000
0.999956 -0.009231 0.001505 0.000000 0.009352 0.988678 -0.149762 14.459700 -0.000106 0.149770 0.988721 0.000000 0.000000 0.000000 0.000000 1.000000
0.999864 -0.016516 -0.000440 0.000000 0.016238 0.987255 -0.158315 14.459700 0.003049 0.158287 0.987389 0.000000 0.000000 0.000000 0.000000 1.000000
0.999722 -0.023570 -0.000796 0.000000 0.023098 0.985423 -0.168548 14.459700 0.004757 0.168483 0.985693 0.000000 0.000000 0.000000 0.000000 1.000000
0.999451 -0.033073 0.001751 0.000000 0.032834 0.982531 -0.183178 14.459700 0.004338 0.183135 0.983078 0.000000 0.000000 0.000000 0.000000 1.000000
0.998925 -0.045704 0.007808 0.000000 0.046340 0.978422 -0.201353 14.459700 0.001564 0.201498 0.979488 0.000000 0.000000 0.000000 0.000000 1.000000
0.997335 -0.069782 0.021288 0.000000 0.072819 0.970050 -0.231733 14.459700 -0.004480 0.232666 0.972546 0.000000 0.000000 0.000000 0.000000 1.000000
0.994907 -0.094415 0.035298 0.000000 0.100344 0.960902 -0.258065 14.459700 -0.009553 0.260293 0.965483 0.000000 0.000000 0.000000 0.000000 1.000000
0.992451 -0.114530 0.043867 0.000000 0.122248 0.952513 -0.278881 14.459700 -0.009844 0.282139 0.959323 -0.000000 0.000000 0.000000 0.000000 1.000000
0.991448 -0.122311 0.045498 -0.000000 0.130262 0.948555 -0.288574 14.459700 -0.007861 0.292033 0.956376 0.000000 0.000000 0.000000 0.000000 1.000000
0.990355 -0.129317 0.049736 0.000000 0.138326 0.943326 -0.301667 14.459700 -0.007907 0.305637 0.952115 0.000000 0.000000 0.000000 0.000000 1.000000
0.990350 -0.127079 0.055299 -0.000000 0.137981 0.941469 -0.307568 14.459700 -0.012977 0.312230 0.949918 -0.000000 0.000000 0.000000 0.000000 1.000000
0.993191 -0.104489 0.051511 0.000000 0.114938 0.950986 -0.287079 14.459700 -0.018990 0.291045 0.956521 0.000000 0.000000 0.000000 0.000000 1.000000
0.997394 -0.061909 0.037054 0.000000 0.068874 0.969955 -0.233332 14.459700 -0.021495 0.235276 0.971691 0.000000 0.000000 0.000000 0.000000 1.000000
0.999841 -0.000499 0.017837 0.000000 0.003114 0.989152 -0.146864 14.459700 -0.017570 0.146896 0.988996 0.000000 0.000000 0.000000 0.000000 1.000000</float_array>
        <technique_common>
          <accessor source="#mixamorig_Spine2-Matrix-animation-output-transform-array" count="21" stride="16">
            <param type="float4x4"/>
          </accessor>
        </technique_common>
      </source>
      <source id="mixamorig_Spine2-Interpolations">
        <Name_array id="mixamorig_Spine2-Interpolations-array" count="21">
 LINEAR LINEAR LINEAR LINEAR LINEAR LINEAR LINEAR LINEAR LINEAR LINEAR LINEAR
LINEAR LINEAR LINEAR LINEAR LINEAR LINEAR LINEAR LINEAR LINEAR LINEAR</Name_array>
        <technique_common>
          <accessor source="#mixamorig_Spine2-Interpolations-array" count="21">
            <param type="name"/>
          </accessor>
        </technique_common>
      </source>
      <sampler id="mixamorig_Spine2-Matrix-animation-transform">
        <input semantic="INPUT" source="#mixamorig_Spine2-Matrix-animation-input"/>
        <input semantic="OUTPUT" source="#mixamorig_Spine2-Matrix-animation-output-transform"/>
        <input semantic="INTERPOLATION" source="#mixamorig_Spine2-Interpolations"/>
      </sampler>
      <channel source="#mixamorig_Spine2-Matrix-animation-transform" target="mixamorig_Spine2/matrix"/>
    </animation>
    <animation id="mixamorig_Neck-anim" name="mixamorig_Neck">
      <source id="mixamorig_Neck-Matrix-animation-input">
        <float_array id="mixamorig_Neck-Matrix-animation-input-array" count="21">

0.000000 0.033333 0.066667 0.100000 0.133333 0.166667 0.200000 0.233333 0.266667 0.300000 0.333333 0.366667 0.400000 0.433333 0.466667 0.500000
0.533333 0.566667 0.600000 0.633333 0.666667</float_array>
        <technique_common>
          <accessor source="#mixamorig_Neck-Matrix-animation-input-array" count="21">
            <param name="TIME" type="float"/>
          </accessor>
        </technique_common>
      </source>
      <source id="mixamorig_Neck-Matrix-animation-output-transform">
        <float_array id="mixamorig_Neck-Matrix-animation-output-transform-array" count="336">

0.996583 0.033625 0.075441 0.000000 -0.036024 0.998880 0.030664 16.135700 -0.074326 -0.033277 0.996679 0.000000 0.000000 0.000000 0.000000 1.000000
0.996578 0.033622 0.075509 0.000000 -0.036107 0.998842 0.031792 16.135700 -0.074352 -0.034410 0.996638 0.000000 0.000000 0.000000 0.000000 1.000000
0.996562 0.033632 0.075714 0.000000 -0.036365 0.998725 0.035021 16.135700 -0.074439 -0.037654 0.996514 0.000000 0.000000 0.000000 0.000000 1.000000
0.996537 0.033645 0.076039 -0.000000 -0.036766 0.998522 0.040022 16.135700 -0.074580 -0.042679 0.996301 0.000000 0.000000 0.000000 0.000000 1.000000
0.996503 0.033653 0.076486 -0.000000 -0.037284 0.998220 0.046548 16.135700 -0.074783 -0.049237 0.995983 0.000000 0.000000 0.000000 0.000000 1.000000
0.996460 0.033650 0.077041 0.000000 -0.037892 0.997807 0.054270 16.135700 -0.075046 -0.056997 0.995550 0.000000 0.000000 0.000000 0.000000 1.000000
0.996410 0.033636 0.077696 0.000000 -0.038571 0.997273 0.062921 16.135700 -0.075368 -0.065692 0.994990 0.000000 0.000000 0.000000 0.000000 1.000000
0.996352 0.033597 0.078443 0.000000 -0.039290 0.996616 0.072196 16.135700 -0.075752 -0.075015 0.994301 0.000000 0.000000 0.000000 0.000000 1.000000
0.996288 0.033535 0.079276 0.000000 -0.040030 0.995843 0.081813 16.135700 -0.076203 -0.084683 0.993490 0.000000 0.000000 0.000000 0.000000 1.000000
0.996220 0.033436 0.080179 0.000000 -0.040756 0.994974 0.091467 16.135700 -0.076718 -0.094389 0.992575 0.000000 0.000000 0.000000 0.000000 1.000000
0.996146 0.033300 0.081144 -0.000000 -0.041447 0.994034 0.100887 16.135700 -0.077301 -0.103861 0.991583 0.000000 0.000000 0.000000 0.000000 1.000000
0.996069 0.033095 0.082162 0.000000 -0.042049 0.993068 0.109758 16.135700 -0.077960 -0.112782 0.990557 0.000000 0.000000 0.000000 0.000000 1.000000
0.995952 0.032647 0.083747 0.000000 -0.042720 0.991676 0.121463 16.135700 -0.079084 -0.124549 0.989057 0.000000 0.000000 0.000000 0.000000 1.000000
0.995837 0.031975 0.085361 0.000000 -0.042977 0.990539 0.130330 16.135700 -0.080386 -0.133456 0.987789 0.000000 0.000000 0.000000 0.000000 1.000000
0.995731 0.031001 0.086944 0.000000 -0.042645 0.989866 0.135450 16.135700 -0.081864 -0.138580 0.986962 -0.000000 0.000000 0.000000 0.000000 1.000000
0.995641 0.029298 0.088549 0.000000 -0.040990 0.990234 0.133252 16.135700 -0.083780 -0.136301 0.987119 -0.000000 0.000000 0.000000 0.000000 1.000000
0.995558 0.024593 0.090877 -0.000000 -0.034357 0.993611 0.107499 16.135700 -0.087653 -0.110144 0.990043 0.000000 0.000000 0.000000 0.000000 1.000000
0.995472 0.017831 0.093369 0.000000 -0.024050 0.997535 0.065920 16.135700 -0.091963 -0.067867 0.993447 0.000000 0.000000 0.000000 0.000000 1.000000
0.995381 0.010700 0.095410 0.000000 -0.012729 0.999705 0.020690 16.135700 -0.095161 -0.021809 0.995223 0.000000 0.000000 0.000000 0.000000 1.000000
0.995301 0.005020 0.096694 -0.000000 -0.003535 0.999873 -0.015526 16.135700 -0.096760 0.015111 0.995193 0.000000 0.000000 0.000000 0.000000 1.000000
0.995275 0.002368 0.097064 0.000000 0.000576 0.999541 -0.030295 16.135700 -0.097091 0.030207 0.994817 0.000000 0.000000 0.000000 0.000000 1.000000</float_array>
        <technique_common>
          <accessor source="#mixamorig_Neck-Matrix-animation-output-transform-array" count="21" stride="16">
            <param type="float4x4"/>
          </accessor>
        </technique_common>
      </source>
      <source id="mixamorig_Neck-Interpolations">
        <Name_array id="mixamorig_Neck-Interpolations-array" count="21">
 LINEAR LINEAR LINEAR LINEAR LINEAR LINEAR LINEAR LINEAR LINEAR LINEAR LINEAR
LINEAR LINEAR LINEAR LINEAR LINEAR LINEAR LINEAR LINEAR LINEAR LINEAR</Name_array>
        <technique_common>
          <accessor source="#mixamorig_Neck-Interpolations-array" count="21">
            <param type="name"/>
          </accessor>
        </technique_common>
      </source>
      <sampler id="mixamorig_Neck-Matrix-animation-transform">
        <input semantic="INPUT" source="#mixamorig_Neck-Matrix-animation-input"/>
        <input semantic="OUTPUT" source="#mixamorig_Neck-Matrix-animation-output-transform"/>
        <input semantic="INTERPOLATION" source="#mixamorig_Neck-Interpolations"/>
      </sampler>
      <channel source="#mixamorig_Neck-Matrix-animation-transform" target="mixamorig_Neck/matrix"/>
    </animation>
    <animation id="mixamorig_Head-anim" name="mixamorig_Head">
      <source id="mixamorig_Head-Matrix-animation-input">
        <float_array id="mixamorig_Head-Matrix-animation-input-array" count="21">

0.000000 0.033333 0.066667 0.100000 0.133333 0.166667 0.200000 0.233333 0.266667 0.300000 0.333333 0.366667 0.400000 0.433333 0.466667 0.500000
0.533333 0.566667 0.600000 0.633333 0.666667</float_array>
        <technique_common>
          <accessor source="#mixamorig_Head-Matrix-animation-input-array" count="21">
            <param name="TIME" type="float"/>
          </accessor>
        </technique_common>
      </source>
      <source id="mixamorig_Head-Matrix-animation-output-transform">
        <float_array id="mixamorig_Head-Matrix-animation-output-transform-array" count="336">

0.911511 0.071128 0.405079 0.000000 -0.004650 0.986651 -0.162783 6.791300 -0.411250 0.146495 0.899674 0.000000 0.000000 0.000000 0.000000 1.000000
0.910984 0.072107 0.406089 -0.000000 -0.006693 0.987053 -0.160252 6.791300 -0.412386 0.143269 0.899673 0.000000 0.000000 0.000000 0.000000 1.000000
0.909460 0.074876 0.408995 0.000000 -0.012490 0.988128 -0.153127 6.791300 -0.415604 0.134155 0.899597 0.000000 0.000000 0.000000 0.000000 1.000000
0.907014 0.079243 0.413578 0.000000 -0.021696 0.989624 -0.142035 6.791300 -0.420542 0.119854 0.899322 -0.000000 0.000000 0.000000 0.000000 1.000000
0.903709 0.084994 0.419627 0.000000 -0.033945 0.991236 -0.127667 6.791300 -0.426801 0.101130 0.898673 -0.000000 0.000000 0.000000 0.000000 1.000000
0.899593 0.091926 0.426944 -0.000000 -0.048894 0.992650 -0.110707 6.791300 -0.433983 0.078717 0.897476 0.000000 0.000000 0.000000 0.000000 1.000000
0.894741 0.099816 0.435287 0.000000 -0.066152 0.993572 -0.091859 6.791300 -0.441659 0.053395 0.895593 0.000000 0.000000 0.000000 0.000000 1.000000
0.889207 0.108464 0.444461 0.000000 -0.085327 0.993762 -0.071803 6.791300 -0.449477 0.025923 0.892916 -0.000000 0.000000 0.000000 0.000000 1.000000
0.883077 0.117652 0.454240 -0.000000 -0.105959 0.993051 -0.051216 6.791300 -0.457109 -0.002903 0.889406 0.000000 0.000000 0.000000 0.000000 1.000000
0.876445 0.127167 0.464405 0.000000 -0.127544 0.991356 -0.030753 6.791300 -0.464302 -0.032279 0.885089 0.000000 0.000000 0.000000 0.000000 1.000000
0.869409 0.136795 0.474779 0.000000 -0.149537 0.988695 -0.011035 6.791300 -0.470921 -0.061403 0.880036 -0.000000 0.000000 0.000000 0.000000 1.000000
0.862029 0.146891 0.485108 -0.000000 -0.172592 0.984957 0.008448 6.791300 -0.476569 -0.091008 0.874414 -0.000000 0.000000 0.000000 0.000000 1.000000
0.850316 0.164872 0.499779 -0.000000 -0.211742 0.976583 0.038089 6.791300 -0.481796 -0.138212 0.865315 -0.000000 0.000000 0.000000 0.000000 1.000000
0.838423 0.184289 0.512918 -0.000000 -0.251638 0.965679 0.064367 6.791300 -0.483452 -0.183036 0.856021 0.000000 0.000000 0.000000 0.000000 1.000000
0.827160 0.202865 0.524072 0.000000 -0.287387 0.954101 0.084265 6.791300 -0.482923 -0.220313 0.847495 -0.000000 0.000000 0.000000 0.000000 1.000000
0.817209 0.218072 0.533492 0.000000 -0.311593 0.945881 0.090660 6.791300 -0.484849 -0.240321 0.840932 0.000000 0.000000 0.000000 0.000000 1.000000
0.807985 0.225239 0.544451 -0.000000 -0.302574 0.951515 0.055389 6.791300 -0.505577 -0.209491 0.836962 0.000000 0.000000 0.000000 0.000000 1.000000
0.800285 0.223661 0.556345 0.000000 -0.263057 0.964734 -0.009442 6.791300 -0.538836 -0.138794 0.830898 -0.000000 0.000000 0.000000 0.000000 1.000000
0.794756 0.214100 0.567912 0.000000 -0.201428 0.975724 -0.085957 6.791300 -0.572529 -0.046079 0.818589 -0.000000 0.000000 0.000000 0.000000 1.000000
0.791361 0.201645 0.577137 0.000000 -0.135371 0.978401 -0.156224 6.791300 -0.596174 0.045502 0.801565 -0.000000 0.000000 0.000000 0.000000 1.000000
0.790282 0.192874 0.581595 0.000000 -0.096195 0.976451 -0.193109 6.791300 -0.605145 0.096664 0.790225 0.000000 0.000000 0.000000 0.000000 1.000000</float_array>
        <technique_common>
          <accessor source="#mixamorig_Head-Matrix-animation-output-transform-array" count="21" stride="16">
            <param type="float4x4"/>
          </accessor>
        </technique_common>
      </source>
      <source id="mixamorig_Head-Interpolations">
        <Name_array id="mixamorig_Head-Interpolations-array" count="21">
 LINEAR LINEAR LINEAR LINEAR LINEAR LINEAR LINEAR LINEAR LINEAR LINEAR LINEAR
LINEAR LINEAR LINEAR LINEAR LINEAR LINEAR LINEAR LINEAR LINEAR LINEAR</Name_array>
        <technique_common>
          <accessor source="#mixamorig_Head-Interpolations-array" count="21">
            <param type="name"/>
          </accessor>
        </technique_common>
      </source>
      <sampler id="mixamorig_Head-Matrix-animation-transform">
        <input semantic="INPUT" source="#mixamorig_Head-Matrix-animation-input"/>
        <input semantic="OUTPUT" source="#mixamorig_Head-Matrix-animation-output-transform"/>
        <input semantic="INTERPOLATION" source="#mixamorig_Head-Interpolations"/>
      </sampler>
      <channel source="#mixamorig_Head-Matrix-animation-transform" target="mixamorig_Head/matrix"/>
    </animation>
    <animation id="mixamorig_LeftShoulder-anim" name="mixamorig_LeftShoulder">
      <source id="mixamorig_LeftShoulder-Matrix-animation-input">
        <float_array id="mixamorig_LeftShoulder-Matrix-animation-input-array" count="21">

0.000000 0.033333 0.066667 0.100000 0.133333 0.166667 0.200000 0.233333 0.266667 0.300000 0.333333 0.366667 0.400000 0.433333 0.466667 0.500000
0.533333 0.566667 0.600000 0.633333 0.666667</float_array>
        <technique_common>
          <accessor source="#mixamorig_LeftShoulder-Matrix-animation-input-array" count="21">
            <param name="TIME" type="float"/>
          </accessor>
        </technique_common>
      </source>
      <source id="mixamorig_LeftShoulder-Matrix-animation-output-transform">
        <float_array id="mixamorig_LeftShoulder-Matrix-animation-output-transform-array" count="336">

0.351321 0.808078 -0.472847 11.022900 -0.116855 -0.463246 -0.878492 13.234400 -0.928934 0.363888 -0.068320 -1.554100 0.000000 0.000000 0.000000 1.000000
0.364955 0.805382 -0.467084 11.022900 -0.094507 -0.467049 -0.879166 13.234400 -0.926216 0.364999 -0.094338 -1.554100 0.000000 0.000000 0.000000 1.000000
0.379457 0.802637 -0.460203 11.022900 -0.070428 -0.470903 -0.879369 13.234400 -0.922525 0.366094 -0.122159 -1.554100 0.000000 0.000000 0.000000 1.000000
0.394261 0.799996 -0.452288 11.022900 -0.045218 -0.474670 -0.879001 13.234400 -0.917885 0.367008 -0.150970 -1.554100 0.000000 0.000000 0.000000 1.000000
0.411165 0.796654 -0.443041 11.022900 -0.019712 -0.478140 -0.878062 13.234400 -0.911348 0.369762 -0.180891 -1.554100 0.000000 0.000000 0.000000 1.000000
0.424033 0.793744 -0.436081 11.022900 0.005014 -0.483564 -0.875295 13.234400 -0.905633 0.368968 -0.209027 -1.554100 0.000000 0.000000 0.000000 1.000000
0.439125 0.783746 -0.439216 11.022900 0.023902 -0.498891 -0.866335 13.234400 -0.898108 0.369931 -0.237808 -1.554100 0.000000 0.000000 0.000000 1.000000
0.455937 0.771262 -0.444158 11.022900 0.039604 -0.516134 -0.855592 13.234400 -0.889131 0.372505 -0.265870 -1.554100 0.000000 0.000000 0.000000 1.000000
0.470063 0.757995 -0.452200 11.022900 0.051916 -0.535188 -0.843136 13.234400 -0.881105 0.372851 -0.290924 -1.554100 0.000000 0.000000 0.000000 1.000000
0.484158 0.742422 -0.463033 11.022900 0.059725 -0.556000 -0.829034 13.234400 -0.872940 0.373729 -0.313533 -1.554100 0.000000 0.000000 0.000000 1.000000
0.498324 0.723995 -0.476974 11.022900 0.062180 -0.578577 -0.813254 13.234400 -0.864758 0.375606 -0.333337 -1.554100 0.000000 0.000000 0.000000 1.000000
0.511434 0.703087 -0.494069 11.022900 0.059136 -0.602385 -0.796012 13.234400 -0.857285 0.377891 -0.349658 -1.554100 0.000000 0.000000 0.000000 1.000000
0.527973 0.672196 -0.519035 11.022900 0.049560 -0.634506 -0.771327 13.234400 -0.847814 0.381517 -0.368316 -1.554100 0.000000 0.000000 0.000000 1.000000
0.539290 0.647649 -0.538254 11.022900 0.039179 -0.657769 -0.752200 13.234400 -0.841208 0.384566 -0.380103 -1.554100 0.000000 0.000000 0.000000 1.000000
0.544172 0.635883 -0.547293 11.022900 0.033401 -0.668239 -0.743196 13.234400 -0.838308 0.386147 -0.384876 -1.554100 0.000000 0.000000 0.000000 1.000000
0.540072 0.640827 -0.545585 11.022900 0.036879 -0.665654 -0.745349 13.234400 -0.840810 0.382422 -0.383134 -1.554100 0.000000 0.000000 0.000000 1.000000
0.526241 0.658378 -0.538153 11.022900 0.049962 -0.655718 -0.753351 13.234400 -0.848866 0.369557 -0.377960 -1.554100 0.000000 0.000000 0.000000 1.000000
0.505236 0.684000 -0.526194 11.022900 0.069356 -0.639951 -0.765279 13.234400 -0.860190 0.350152 -0.370766 -1.554100 0.000000 0.000000 0.000000 1.000000
0.479782 0.713099 -0.511173 11.022900 0.090916 -0.619879 -0.779413 13.234400 -0.872664 0.327475 -0.362239 -1.554100 0.000000 0.000000 0.000000 1.000000
0.453156 0.741392 -0.494962 11.022900 0.110990 -0.597849 -0.793888 13.234400 -0.884495 0.304819 -0.353206 -1.554100 0.000000 0.000000 0.000000 1.000000
0.426377 0.772344 -0.470837 11.022900 0.130505 -0.567603 -0.812893 13.234400 -0.895082 0.285152 -0.342808 -1.554100 0.000000 0.000000 0.000000 1.000000</float_array>
        <technique_common>
          <accessor source="#mixamorig_LeftShoulder-Matrix-animation-output-transform-array" count="21" stride="16">
            <param type="float4x4"/>
          </accessor>
        </technique_common>
      </source>
      <source id="mixamorig_LeftShoulder-Interpolations">
        <Name_array id="mixamorig_LeftShoulder-Interpolations-array" count="21">
 LINEAR LINEAR LINEAR LINEAR LINEAR LINEAR LINEAR LINEAR LINEAR LINEAR LINEAR
LINEAR LINEAR LINEAR LINEAR LINEAR LINEAR LINEAR LINEAR LINEAR LINEAR</Name_array>
        <technique_common>
          <accessor source="#mixamorig_LeftShoulder-Interpolations-array" count="21">
            <param type="name"/>
          </accessor>
        </technique_common>
      </source>
      <sampler id="mixamorig_LeftShoulder-Matrix-animation-transform">
        <input semantic="INPUT" source="#mixamorig_LeftShoulder-Matrix-animation-input"/>
        <input semantic="OUTPUT" source="#mixamorig_LeftShoulder-Matrix-animation-output-transform"/>
        <input semantic="INTERPOLATION" source="#mixamorig_LeftShoulder-Interpolations"/>
      </sampler>
      <channel source="#mixamorig_LeftShoulder-Matrix-animation-transform" target="mixamorig_LeftShoulder/matrix"/>
    </animation>
    <animation id="mixamorig_LeftArm-anim" name="mixamorig_LeftArm">
      <source id="mixamorig_LeftArm-Matrix-animation-input">
        <float_array id="mixamorig_LeftArm-Matrix-animation-input-array" count="21">

0.000000 0.033333 0.066667 0.100000 0.133333 0.166667 0.200000 0.233333 0.266667 0.300000 0.333333 0.366667 0.400000 0.433333 0.466667 0.500000
0.533333 0.566667 0.600000 0.633333 0.666667</float_array>
        <technique_common>
          <accessor source="#mixamorig_LeftArm-Matrix-animation-input-array" count="21">
            <param name="TIME" type="float"/>
          </accessor>
        </technique_common>
      </source>
      <source id="mixamorig_LeftArm-Matrix-animation-output-transform">
        <float_array id="mixamorig_LeftArm-Matrix-animation-output-transform-array" count="336">

0.688918 -0.305788 -0.657180 0.000000 -0.113399 0.850023 -0.514394 16.551600 0.715913 0.428899 0.550921 -0.000000 0.000000 0.000000 0.000000 1.000000
0.667388 -0.311795 -0.676297 0.000000 -0.107481 0.858299 -0.501768 16.551600 0.736914 0.407562 0.539306 0.000000 0.000000 0.000000 0.000000 1.000000
0.642691 -0.327557 -0.692571 0.000000 -0.087882 0.866504 -0.491373 16.551600 0.761069 0.376665 0.528108 0.000000 0.000000 0.000000 0.000000 1.000000
0.649015 -0.348113 -0.676459 -0.000000 -0.062524 0.861756 -0.503456 16.551600 0.758202 0.369046 0.537527 0.000000 0.000000 0.000000 0.000000 1.000000
0.672226 -0.372217 -0.639974 0.000000 -0.033037 0.848483 -0.528190 16.551600 0.739608 0.376206 0.558076 0.000000 0.000000 0.000000 0.000000 1.000000
0.704869 -0.424799 -0.568071 -0.000000 0.035340 0.820884 -0.570000 16.551600 0.708456 0.381700 0.593629 0.000000 0.000000 0.000000 0.000000 1.000000
0.729740 -0.467944 -0.498506 -0.000000 0.106798 0.798166 -0.592895 16.551600 0.675333 0.379420 0.632429 0.000000 0.000000 0.000000 0.000000 1.000000
0.744325 -0.448383 -0.494907 0.000000 0.096363 0.805437 -0.584796 16.551600 0.660829 0.387587 0.642714 0.000000 0.000000 0.000000 0.000000 1.000000
0.742792 -0.384952 -0.547788 0.000000 0.023963 0.832939 -0.552846 16.551600 0.669093 0.397523 0.627925 -0.000000 0.000000 0.000000 0.000000 1.000000
0.730463 -0.346020 -0.588807 0.000000 -0.017442 0.852417 -0.522571 16.551600 0.682729 0.391989 0.616624 0.000000 0.000000 0.000000 0.000000 1.000000
0.713430 -0.336106 -0.614858 0.000000 -0.021472 0.866560 -0.498611 16.551600 0.700398 0.368926 0.611013 0.000000 0.000000 0.000000 0.000000 1.000000
0.698120 -0.353293 -0.622746 0.000000 0.009429 0.874242 -0.485399 16.551600 0.715919 0.332995 0.613657 0.000000 0.000000 0.000000 0.000000 1.000000
0.679705 -0.397850 -0.616212 0.000000 0.077896 0.874517 -0.478699 16.551600 0.729338 0.277373 0.625404 0.000000 0.000000 0.000000 0.000000 1.000000
0.665174 -0.443441 -0.600752 -0.000000 0.142489 0.865154 -0.480838 16.551600 0.732967 0.234241 0.638664 0.000000 0.000000 0.000000 0.000000 1.000000
0.647119 -0.470164 -0.600152 0.000000 0.177893 0.858589 -0.480811 16.551600 0.741344 0.204379 0.639248 0.000000 0.000000 0.000000 0.000000 1.000000
0.648760 -0.460721 -0.605678 -0.000000 0.167439 0.862821 -0.476973 16.551600 0.742344 0.208027 0.636907 0.000000 0.000000 0.000000 0.000000 1.000000
0.673401 -0.462568 -0.576682 0.000000 0.172574 0.856868 -0.485794 16.551600 0.718853 0.227614 0.656843 0.000000 0.000000 0.000000 0.000000 1.000000
