<?xml version="1.0" encoding="utf-8"?>
<COLLADA xmlns="http://www.collada.org/2005/11/COLLADASchema" version="1.4.1">
  <asset>
    <contributor>
      <author>Mixamo</author>
      <authoring_tool>COLLADA Mixamo exporter</authoring_tool>
      <comments/>
    </contributor>
    <created>2025-11-20T10:40:34Z</created>
    <modified>2025-11-20T10:40:34Z</modified>
    <revision/>
    <title/>
    <unit meter="0.010000"/>
    <up_axis>Y_UP</up_axis>
  </asset>
  <library_animations>
    <animation id="mixamorig_Hips-anim" name="mixamorig_Hips">
      <source id="mixamorig_Hips-Matrix-animation-input">
        <float_array id="mixamorig_Hips-Matrix-animation-input-array" count="17">

0.000000 0.033333 0.066667 0.100000 0.133333 0.166667 0.200000 0.233333 0.266667 0.300000 0.333333 0.366667 0.400000 0.433333 0.466667 0.500000
0.533333</float_array>
        <technique_common>
          <accessor source="#mixamorig_Hips-Matrix-animation-input-array" count="17">
            <param name="TIME" type="float"/>
          </accessor>
        </technique_common>
      </source>
      <source id="mixamorig_Hips-Matrix-animation-output-transform">
        <float_array id="mixamorig_Hips-Matrix-animation-output-transform-array" count="272">

0.556083 0.070679 -0.828116 -0.800930 0.035746 0.993422 0.108792 111.360703 0.830357 -0.090099 0.549899 0.344181 0.000000 0.000000 0.000000 1.000000
0.548817 -0.263662 -0.793273 2.581255 0.108785 0.963413 -0.244950 90.497955 0.828834 0.048137 0.557420 -3.050901 0.000000 0.000000 0.000000 1.000000
0.553122 -0.358509 -0.752015 3.096034 0.113942 0.926743 -0.358000 80.525269 0.825271 0.112332 0.553452 -3.668602 0.000000 0.000000 0.000000 1.000000
0.564695 -0.346770 -0.748913 2.451880 0.096874 0.929021 -0.357121 78.439102 0.819594 0.129114 0.558206 -3.379010 0.000000 0.000000 0.000000 1.000000
0.576081 -0.314767 -0.754356 1.442929 0.083384 0.940696 -0.328843 78.798180 0.813128 0.126539 0.568164 -2.619810 0.000000 0.000000 0.000000 1.000000
0.583555 -0.265298 -0.767515 0.314754 0.078336 0.959113 -0.271965 81.658951 0.808286 0.098582 0.580478 -1.735833 0.000000 0.000000 0.000000 1.000000
0.580363 -0.207209 -0.787555 -0.897205 0.077526 0.976753 -0.199858 86.924759 0.810659 0.054934 0.582936 -0.788841 0.000000 0.000000 0.000000 1.000000
0.570707 -0.147966 -0.807712 -1.372694 0.081632 0.988982 -0.123495 94.541321 0.817086 0.004544 0.576498 0.083424 0.000000 0.000000 0.000000 1.000000
0.563205 -0.095778 -0.820748 -1.158051 0.089351 0.994495 -0.054739 104.144722 0.821472 -0.042506 0.568662 0.349654 0.000000 0.000000 0.000000 1.000000
0.564806 -0.092351 -0.820040 -0.781369 0.086727 0.994858 -0.052304 107.764191 0.820654 -0.041578 0.569911 0.008053 0.000000 0.000000 0.000000 1.000000
0.569030 -0.079851 -0.818431 -0.646536 0.073697 0.996221 -0.045958 109.879898 0.819008 -0.034164 0.572764 0.053905 0.000000 0.000000 0.000000 1.000000
0.573933 -0.069799 -0.815923 -0.818532 0.068586 0.996957 -0.037041 110.351059 0.816025 -0.034702 0.576973 -0.035508 0.000000 0.000000 0.000000 1.000000
0.579715 -0.057463 -0.812791 -1.182455 0.061164 0.997765 -0.026915 110.719887 0.812521 -0.034110 0.581934 0.185501 0.000000 0.000000 0.000000 1.000000
0.585625 -0.044415 -0.809364 -1.636042 0.052371 0.998485 -0.016900 111.157722 0.808888 -0.032490 0.587064 0.621774 0.000000 0.000000 0.000000 1.000000
0.590651 -0.032237 -0.806283 -2.015840 0.043234 0.999031 -0.008273 112.155045 0.805768 -0.029972 0.591473 1.083843 0.000000 0.000000 0.000000 1.000000
0.593932 -0.023063 -0.804185 -2.194425 0.035772 0.999357 -0.002240 112.742142 0.803720 -0.027437 0.594375 1.368349 0.000000 0.000000 0.000000 1.000000
0.595079 -0.019344 -0.803434 -2.275581 0.032533 0.999471 0.000032 112.903381 0.803008 -0.026157 0.595394 1.498292 0.000000 0.000000 0.000000 1.000000</float_array>
        <technique_common>
          <accessor source="#mixamorig_Hips-Matrix-animation-output-transform-array" count="17" stride="16">
            <param type="float4x4"/>
          </accessor>
        </technique_common>
      </source>
      <source id="mixamorig_Hips-Interpolations">
        <Name_array id="mixamorig_Hips-Interpolations-array" count="17">
 LINEAR LINEAR LINEAR LINEAR LINEAR LINEAR LINEAR LINEAR LINEAR LINEAR LINEAR
LINEAR LINEAR LINEAR LINEAR LINEAR LINEAR</Name_array>
        <technique_common>
          <accessor source="#mixamorig_Hips-Interpolations-array" count="17">
            <param type="name"/>
          </accessor>
        </technique_common>
      </source>
      <sampler id="mixamorig_Hips-Matrix-animation-transform">
        <input semantic="INPUT" source="#mixamorig_Hips-Matrix-animation-input"/>
        <input semantic="OUTPUT" source="#mixamorig_Hips-Matrix-animation-output-transform"/>
        <input semantic="INTERPOLATION" source="#mixamorig_Hips-Interpolations"/>
      </sampler>
      <channel source="#mixamorig_Hips-Matrix-animation-transform" target="mixamorig_Hips/matrix"/>
    </animation>
    <animation id="mixamorig_Spine-anim" name="mixamorig_Spine">
      <source id="mixamorig_Spine-Matrix-animation-input">
        <float_array id="mixamorig_Spine-Matrix-animation-input-array" count="17">

0.000000 0.033333 0.066667 0.100000 0.133333 0.166667 0.200000 0.233333 0.266667 0.300000 0.333333 0.366667 0.400000 0.433333 0.466667 0.500000
0.533333</float_array>
        <technique_common>
          <accessor source="#mixamorig_Spine-Matrix-animation-input-array" count="17">
            <param name="TIME" type="float"/>
          </accessor>
        </technique_common>
      </source>
      <source id="mixamorig_Spine-Matrix-animation-output-transform">
        <float_array id="mixamorig_Spine-Matrix-animation-output-transform-array" count="272">

0.999921 -0.010317 0.007225 -0.006600 0.010813 0.997323 -0.072323 10.822600 -0.006459 0.072395 0.997355 -0.430700 0.000000 0.000000 0.000000 1.000000
0.999774 0.019634 0.008187 -0.006600 -0.018271 0.989667 -0.142218 10.822600 -0.010895 0.142036 0.989802 -0.430700 0.000000 0.000000 0.000000 1.000000
0.999835 0.017216 0.005769 -0.006600 -0.015914 0.983904 -0.177989 10.822600 -0.008741 0.177868 0.984016 -0.430700 0.000000 0.000000 0.000000 1.000000
0.999885 0.014844 0.002970 -0.006600 -0.014030 0.982349 -0.186532 10.822600 -0.005687 0.186469 0.982444 -0.430700 0.000000 0.000000 0.000000 1.000000
0.999924 0.012258 0.001195 -0.006600 -0.011818 0.982240 -0.187258 10.822600 -0.003469 0.187230 0.982310 -0.430700 0.000000 0.000000 0.000000 1.000000
0.999954 0.009629 0.000139 -0.006600 -0.009444 0.983360 -0.181421 10.822600 -0.001884 0.181411 0.983406 -0.430700 0.000000 0.000000 0.000000 1.000000
0.999980 0.006046 0.001793 -0.006600 -0.005650 0.985246 -0.171051 10.822600 -0.002801 0.171037 0.985261 -0.430700 0.000000 0.000000 0.000000 1.000000
0.999976 0.002637 0.006416 -0.006600 -0.001585 0.987299 -0.158868 10.822600 -0.006753 0.158854 0.987279 -0.430700 0.000000 0.000000 0.000000 1.000000
0.999930 0.000145 0.011862 -0.006600 0.001606 0.989070 -0.147437 10.822600 -0.011754 0.147445 0.989000 -0.430700 0.000000 0.000000 0.000000 1.000000
0.999856 -0.001838 0.016842 -0.006600 0.004172 0.990200 -0.139592 10.822600 -0.016420 0.139643 0.990066 -0.430700 0.000000 0.000000 0.000000 1.000000
0.999779 -0.009927 0.018527 -0.006600 0.012380 0.990442 -0.137376 10.822600 -0.016987 0.137575 0.990346 -0.430700 0.000000 0.000000 0.000000 1.000000
0.999836 -0.007424 0.016534 -0.006600 0.009711 0.989698 -0.142838 10.822600 -0.015303 0.142975 0.989608 -0.430700 0.000000 0.000000 0.000000 1.000000
0.999947 -0.006966 0.007580 -0.006600 0.008062 0.987760 -0.155776 10.822600 -0.006402 0.155829 0.987763 -0.430700 0.000000 0.000000 0.000000 1.000000
0.999998 -0.000198 -0.001964 -0.006600 -0.000154 0.984126 -0.177471 10.822600 0.001968 0.177470 0.984124 -0.430700 0.000000 0.000000 0.000000 1.000000
0.999957 0.005288 -0.007677 -0.006600 -0.006754 0.978605 -0.205636 10.822600 0.006425 0.205678 0.978599 -0.430700 0.000000 0.000000 0.000000 1.000000
0.999953 0.005147 -0.008185 -0.006600 -0.006977 0.970179 -0.242289 10.822600 0.006694 0.242334 0.970170 -0.430700 0.000000 0.000000 0.000000 1.000000
0.999963 0.004264 -0.007486 -0.006600 -0.006090 0.964461 -0.264154 10.822600 0.006093 0.264190 0.964452 -0.430700 0.000000 0.000000 0.000000 1.000000</float_array>
        <technique_common>
          <accessor source="#mixamorig_Spine-Matrix-animation-output-transform-array" count="17" stride="16">
            <param type="float4x4"/>
          </accessor>
        </technique_common>
      </source>
      <source id="mixamorig_Spine-Interpolations">
        <Name_array id="mixamorig_Spine-Interpolations-array" count="17">
 LINEAR LINEAR LINEAR LINEAR LINEAR LINEAR LINEAR LINEAR LINEAR LINEAR LINEAR
LINEAR LINEAR LINEAR LINEAR LINEAR LINEAR</Name_array>
        <technique_common>
          <accessor source="#mixamorig_Spine-Interpolations-array" count="17">
            <param type="name"/>
          </accessor>
        </technique_common>
      </source>
      <sampler id="mixamorig_Spine-Matrix-animation-transform">
        <input semantic="INPUT" source="#mixamorig_Spine-Matrix-animation-input"/>
        <input semantic="OUTPUT" source="#mixamorig_Spine-Matrix-animation-output-transform"/>
        <input semantic="INTERPOLATION" source="#mixamorig_Spine-Interpolations"/>
      </sampler>
      <channel source="#mixamorig_Spine-Matrix-animation-transform" target="mixamorig_Spine/matrix"/>
    </animation>
    <animation id="mixamorig_Spine1-anim" name="mixamorig_Spine1">
      <source id="mixamorig_Spine1-Matrix-animation-input">
        <float_array id="mixamorig_Spine1-Matrix-animation-input-array" count="17">

0.000000 0.033333 0.066667 0.100000 0.133333 0.166667 0.200000 0.233333 0.266667 0.300000 0.333333 0.366667 0.400000 0.433333 0.466667 0.500000
0.533333</float_array>
        <technique_common>
          <accessor source="#mixamorig_Spine1-Matrix-animation-input-array" count="17">
            <param name="TIME" type="float"/>
          </accessor>
        </technique_common>
      </source>
      <source id="mixamorig_Spine1-Matrix-animation-output-transform">
        <float_array id="mixamorig_Spine1-Matrix-animation-output-transform-array" count="272">

0.999826 -0.005333 0.017874 0.000000 0.007253 0.993997 -0.109169 12.655100 -0.017184 0.109280 0.993862 -0.000000 0.000000 0.000000 0.000000 1.000000
0.999897 -0.005844 0.013138 -0.000000 0.007247 0.993969 -0.109421 12.655100 -0.012419 0.109505 0.993909 0.000000 0.000000 0.000000 0.000000 1.000000
0.999970 -0.007400 0.002060 -0.000000 0.007581 0.994005 -0.109073 12.655100 -0.001241 0.109086 0.994032 -0.000000 0.000000 0.000000 0.000000 1.000000
0.999971 -0.007517 0.001083 -0.000000 0.007591 0.994009 -0.109034 12.655100 -0.000257 0.109040 0.994037 0.000000 0.000000 0.000000 0.000000 1.000000
0.999970 -0.007281 0.002781 0.000000 0.007541 0.994000 -0.109118 12.655100 -0.001970 0.109135 0.994025 0.000000 0.000000 0.000000 0.000000 1.000000
0.999969 -0.007237 0.003252 -0.000000 0.007549 0.994009 -0.109037 12.655100 -0.002443 0.109058 0.994032 0.000000 0.000000 0.000000 0.000000 1.000000
0.999971 -0.007598 0.000590 0.000000 0.007617 0.994042 -0.108730 12.655100 0.000240 0.108731 0.994071 0.000000 0.000000 0.000000 0.000000 1.000000
0.999962 -0.008095 -0.003207 -0.000000 0.007700 0.994091 -0.108280 12.655100 0.004065 0.108251 0.994115 0.000000 0.000000 0.000000 0.000000 1.000000
0.999944 -0.008510 -0.006344 0.000000 0.007776 0.994128 -0.107934 12.655100 0.007226 0.107879 0.994138 0.000000 0.000000 0.000000 0.000000 1.000000
0.999943 -0.008548 -0.006412 0.000000 0.007807 0.994138 -0.107833 12.655100 0.007297 0.107777 0.994148 0.000000 0.000000 0.000000 0.000000 1.000000
0.999960 -0.008232 -0.003389 0.000000 0.007819 0.994133 -0.107877 12.655100 0.004257 0.107847 0.994158 -0.000000 0.000000 0.000000 0.000000 1.000000
0.999969 -0.007846 0.000391 0.000000 0.007842 0.994112 -0.108076 12.655100 0.000459 0.108076 0.994143 0.000000 0.000000 0.000000 0.000000 1.000000
0.999927 -0.008878 -0.008188 0.000000 0.007945 0.994152 -0.107696 12.655100 0.009096 0.107623 0.994150 -0.000000 0.000000 0.000000 0.000000 1.000000
0.999802 -0.010000 -0.017224 -0.000000 0.008093 0.994180 -0.107430 12.655100 0.018198 0.107269 0.994063 0.000000 0.000000 0.000000 0.000000 1.000000
0.999728 -0.010499 -0.020825 -0.000000 0.008200 0.994163 -0.107579 12.655100 0.021833 0.107379 0.993978 -0.000000 0.000000 0.000000 0.000000 1.000000
0.999810 -0.009997 -0.016763 0.000000 0.008124 0.994088 -0.108270 12.655100 0.017746 0.108113 0.993980 0.000000 0.000000 0.000000 0.000000 1.000000
0.999868 -0.009514 -0.013140 0.000000 0.008030 0.994041 -0.108712 12.655100 0.014096 0.108592 0.993986 0.000000 0.000000 0.000000 0.000000 1.000000</float_array>
        <technique_common>
          <accessor source="#mixamorig_Spine1-Matrix-animation-output-transform-array" count="17" stride="16">
            <param type="float4x4"/>
          </accessor>
        </technique_common>
      </source>
      <source id="mixamorig_Spine1-Interpolations">
        <Name_array id="mixamorig_Spine1-Interpolations-array" count="17">
 LINEAR LINEAR LINEAR LINEAR LINEAR LINEAR LINEAR LINEAR LINEAR LINEAR LINEAR
LINEAR LINEAR LINEAR LINEAR LINEAR LINEAR</Name_array>
        <technique_common>
          <accessor source="#mixamorig_Spine1-Interpolations-array" count="17">
            <param type="name"/>
          </accessor>
        </technique_common>
      </source>
      <sampler id="mixamorig_Spine1-Matrix-animation-transform">
        <input semantic="INPUT" source="#mixamorig_Spine1-Matrix-animation-input"/>
        <input semantic="OUTPUT" source="#mixamorig_Spine1-Matrix-animation-output-transform"/>
        <input semantic="INTERPOLATION" source="#mixamorig_Spine1-Interpolations"/>
      </sampler>
      <channel source="#mixamorig_Spine1-Matrix-animation-transform" target="mixamorig_Spine1/matrix"/>
    </animation>
    <animation id="mixamorig_Spine2-anim" name="mixamorig_Spine2">
      <source id="mixamorig_Spine2-Matrix-animation-input">
        <float_array id="mixamorig_Spine2-Matrix-animation-input-array" count="17">

0.000000 0.033333 0.066667 0.100000 0.133333 0.166667 0.200000 0.233333 0.266667 0.300000 0.333333 0.366667 0.400000 0.433333 0.466667 0.500000
0.533333</float_array>
        <technique_common>
          <accessor source="#mixamorig_Spine2-Matrix-animation-input-array" count="17">
            <param name="TIME" type="float"/>
          </accessor>
        </technique_common>
      </source>
      <source id="mixamorig_Spine2-Matrix-animation-output-transform">
        <float_array id="mixamorig_Spine2-Matrix-animation-output-transform-array" count="272">

0.999866 -0.000894 0.016355 0.000000 0.003286 0.989163 -0.146785 14.459700 -0.016047 0.146820 0.989033 0.000000 0.000000 0.000000 0.000000 1.000000
0.999928 -0.002130 0.011771 -0.000000 0.003837 0.989132 -0.146981 14.459700 -0.011330 0.147016 0.989069 0.000000 0.000000 0.000000 0.000000 1.000000
0.999986 -0.005180 0.001012 0.000000 0.005272 0.989186 -0.146574 14.459700 -0.000242 0.146578 0.989199 -0.000000 0.000000 0.000000 0.000000 1.000000
0.999985 -0.005433 0.000058 0.000000 0.005382 0.989191 -0.146532 14.459700 0.000739 0.146530 0.989206 0.000000 0.000000 0.000000 0.000000 1.000000
0.999986 -0.004972 0.001707 0.000000 0.005168 0.989179 -0.146623 14.459700 -0.000960 0.146630 0.989191 0.000000 0.000000 0.000000 0.000000 1.000000
0.999986 -0.004864 0.002166 -0.000000 0.005129 0.989191 -0.146546 14.459700 -0.001430 0.146555 0.989201 0.000000 0.000000 0.000000 0.000000 1.000000
0.999984 -0.005564 -0.000428 0.000000 0.005441 0.989236 -0.146228 14.459700 0.001237 0.146223 0.989251 -0.000000 0.000000 0.000000 0.000000 1.000000
0.999970 -0.006540 -0.004132 0.000000 0.005868 0.989302 -0.145765 14.459700 0.005041 0.145736 0.989311 0.000000 0.000000 0.000000 0.000000 1.000000
0.999947 -0.007345 -0.007193 0.000000 0.006222 0.989352 -0.145408 14.459700 0.008184 0.145356 0.989346 0.000000 0.000000 0.000000 0.000000 1.000000
0.999946 -0.007388 -0.007260 0.000000 0.006255 0.989367 -0.145308 14.459700 0.008257 0.145255 0.989360 0.000000 0.000000 0.000000 0.000000 1.000000
0.999968 -0.006697 -0.004297 -0.000000 0.006001 0.989360 -0.145366 14.459700 0.005225 0.145336 0.989369 0.000000 0.000000 0.000000 0.000000 1.000000
0.999983 -0.005849 -0.000596 0.000000 0.005700 0.989330 -0.145581 14.459700 0.001441 0.145575 0.989346 0.000000 0.000000 0.000000 0.000000 1.000000
0.999928 -0.008001 -0.008959 -0.000000 0.006616 0.989386 -0.145159 14.459700 0.010025 0.145089 0.989368 0.000000 0.000000 0.000000 0.000000 1.000000
0.999789 -0.010277 -0.017769 0.000000 0.007595 0.989423 -0.144860 14.459700 0.019070 0.144694 0.989293 -0.000000 0.000000 0.000000 0.000000 1.000000
0.999711 -0.011234 -0.021274 -0.000000 0.008032 0.989399 -0.144997 14.459700 0.022677 0.144784 0.989203 -0.000000 0.000000 0.000000 0.000000 1.000000
0.999798 -0.010220 -0.017306 0.000000 0.007591 0.989300 -0.145699 14.459700 0.018610 0.145538 0.989178 0.000000 0.000000 0.000000 0.000000 1.000000
0.999862 -0.009280 -0.013775 0.000000 0.007168 0.989236 -0.146151 14.459700 0.014983 0.146032 0.989166 -0.000000 0.000000 0.000000 0.000000 1.000000</float_array>
        <technique_common>
          <accessor source="#mixamorig_Spine2-Matrix-animation-output-transform-array" count="17" stride="16">
            <param type="float4x4"/>
          </accessor>
        </technique_common>
      </source>
      <source id="mixamorig_Spine2-Interpolations">
        <Name_array id="mixamorig_Spine2-Interpolations-array" count="17">
 LINEAR LINEAR LINEAR LINEAR LINEAR LINEAR LINEAR LINEAR LINEAR LINEAR LINEAR
LINEAR LINEAR LINEAR LINEAR LINEAR LINEAR</Name_array>
        <technique_common>
          <accessor source="#mixamorig_Spine2-Interpolations-array" count="17">
            <param type="name"/>
          </accessor>
        </technique_common>
      </source>
      <sampler id="mixamorig_Spine2-Matrix-animation-transform">
        <input semantic="INPUT" source="#mixamorig_Spine2-Matrix-animation-input"/>
        <input semantic="OUTPUT" source="#mixamorig_Spine2-Matrix-animation-output-transform"/>
        <input semantic="INTERPOLATION" source="#mixamorig_Spine2-Interpolations"/>
      </sampler>
      <channel source="#mixamorig_Spine2-Matrix-animation-transform" target="mixamorig_Spine2/matrix"/>
    </animation>
    <animation id="mixamorig_Neck-anim" name="mixamorig_Neck">
      <source id="mixamorig_Neck-Matrix-animation-input">
        <float_array id="mixamorig_Neck-Matrix-animation-input-array" count="17">

0.000000 0.033333 0.066667 0.100000 0.133333 0.166667 0.200000 0.233333 0.266667 0.300000 0.333333 0.366667 0.400000 0.433333 0.466667 0.500000
0.533333</float_array>
        <technique_common>
          <accessor source="#mixamorig_Neck-Matrix-animation-input-array" count="17">
            <param name="TIME" type="float"/>
          </accessor>
        </technique_common>
      </source>
      <source id="mixamorig_Neck-Matrix-animation-output-transform">
        <float_array id="mixamorig_Neck-Matrix-animation-output-transform-array" count="272">

0.995267 0.002684 0.097137 0.000000 0.000268 0.999539 -0.030363 16.135700 -0.097173 0.030245 0.994808 -0.000000 0.000000 0.000000 0.000000 1.000000
0.995435 0.014853 0.094279 0.000000 -0.019373 0.998697 0.047214 16.135700 -0.093455 -0.048825 0.994426 -0.000000 0.000000 0.000000 0.000000 1.000000
0.995585 0.026382 0.090082 -0.000000 -0.036974 0.992323 0.118015 16.135700 -0.086277 -0.120825 0.988917 0.000000 0.000000 0.000000 0.000000 1.000000
0.995656 0.029773 0.088223 0.000000 -0.041574 0.989960 0.135098 16.135700 -0.083314 -0.138179 0.986897 0.000000 0.000000 0.000000 0.000000 1.000000
0.995735 0.031027 0.086888 -0.000000 -0.042655 0.989880 0.135345 16.135700 -0.081810 -0.138474 0.986981 0.000000 0.000000 0.000000 0.000000 1.000000
0.995825 0.031877 0.085535 0.000000 -0.042962 0.990443 0.131062 16.135700 -0.080539 -0.134189 0.987677 0.000000 0.000000 0.000000 0.000000 1.000000
0.995923 0.032494 0.084149 0.000000 -0.042818 0.991364 0.123955 16.135700 -0.079395 -0.127053 0.988713 0.000000 0.000000 0.000000 0.000000 1.000000
0.996024 0.032939 0.082774 0.000000 -0.042347 0.992509 0.114598 16.135700 -0.078380 -0.117648 0.989957 -0.000000 0.000000 0.000000 0.000000 1.000000
0.996124 0.033234 0.081442 -0.000000 -0.041623 0.993750 0.103579 16.135700 -0.077491 -0.106568 0.991281 0.000000 0.000000 0.000000 0.000000 1.000000
0.996219 0.033431 0.080189 0.000000 -0.040759 0.994964 0.091571 16.135700 -0.076724 -0.094494 0.992565 -0.000000 0.000000 0.000000 0.000000 1.000000
0.996307 0.033554 0.079037 0.000000 -0.039824 0.996068 0.079141 16.135700 -0.076071 -0.081996 0.993725 0.000000 0.000000 0.000000 0.000000 1.000000
0.996386 0.033615 0.078011 -0.000000 -0.038874 0.997001 0.066914 16.135700 -0.075528 -0.069704 0.994704 -0.000000 0.000000 0.000000 0.000000 1.000000
0.996453 0.033637 0.077132 0.000000 -0.037977 0.997736 0.055503 16.135700 -0.075090 -0.058235 0.995475 0.000000 0.000000 0.000000 0.000000 1.000000
0.996508 0.033648 0.076420 -0.000000 -0.037202 0.998268 0.045566 16.135700 -0.074755 -0.048250 0.996034 0.000000 0.000000 0.000000 0.000000 1.000000
0.996549 0.033628 0.075889 0.000000 -0.036567 0.998620 0.037685 16.135700 -0.074517 -0.040330 0.996404 -0.000000 0.000000 0.000000 0.000000 1.000000
0.996573 0.033617 0.075577 0.000000 -0.036181 0.998806 0.032814 16.135700 -0.074384 -0.035436 0.996600 -0.000000 0.000000 0.000000 0.000000 1.000000
0.996583 0.033615 0.075442 -0.000000 -0.036013 0.998881 0.030644 16.135700 -0.074328 -0.033256 0.996679 0.000000 0.000000 0.000000 0.000000 1.000000</float_array>
        <technique_common>
          <accessor source="#mixamorig_Neck-Matrix-animation-output-transform-array" count="17" stride="16">
            <param type="float4x4"/>
          </accessor>
        </technique_common>
      </source>
      <source id="mixamorig_Neck-Interpolations">
        <Name_array id="mixamorig_Neck-Interpolations-array" count="17">
 LINEAR LINEAR LINEAR LINEAR LINEAR LINEAR LINEAR LINEAR LINEAR LINEAR LINEAR
LINEAR LINEAR LINEAR LINEAR LINEAR LINEAR</Name_array>
        <technique_common>
          <accessor source="#mixamorig_Neck-Interpolations-array" count="17">
            <param type="name"/>
          </accessor>
        </technique_common>
      </source>
      <sampler id="mixamorig_Neck-Matrix-animation-transform">
        <input semantic="INPUT" source="#mixamorig_Neck-Matrix-animation-input"/>
        <input semantic="OUTPUT" source="#mixamorig_Neck-Matrix-animation-output-transform"/>
        <input semantic="INTERPOLATION" source="#mixamorig_Neck-Interpolations"/>
      </sampler>
      <channel source="#mixamorig_Neck-Matrix-animation-transform" target="mixamorig_Neck/matrix"/>
    </animation>
    <animation id="mixamorig_Head-anim" name="mixamorig_Head">
      <source id="mixamorig_Head-Matrix-animation-input">
        <float_array id="mixamorig_Head-Matrix-animation-input-array" count="17">

0.000000 0.033333 0.066667 0.100000 0.133333 0.166667 0.200000 0.233333 0.266667 0.300000 0.333333 0.366667 0.400000 0.433333 0.466667 0.500000
0.533333</float_array>
        <technique_common>
          <accessor source="#mixamorig_Head-Matrix-animation-input-array" count="17">
            <param name="TIME" type="float"/>
          </accessor>
        </technique_common>
      </source>
      <source id="mixamorig_Head-Matrix-animation-output-transform">
        <float_array id="mixamorig_Head-Matrix-animation-output-transform-array" count="272">

0.790338 0.192783 0.581550 0.000000 -0.096161 0.976472 -0.193015 6.791300 -0.605078 0.096625 0.790281 0.000000 0.000000 0.000000 0.000000 1.000000
0.800780 0.195620 0.566114 -0.000000 -0.185552 0.979686 -0.076061 6.791300 -0.569493 -0.044135 0.820811 0.000000 0.000000 0.000000 0.000000 1.000000
0.815164 0.193743 0.545867 0.000000 -0.253017 0.966840 0.034682 6.791300 -0.521047 -0.166385 0.837154 0.000000 0.000000 0.000000 0.000000 1.000000
0.822781 0.189507 0.535834 0.000000 -0.261759 0.963185 0.061287 6.791300 -0.504494 -0.190685 0.842096 0.000000 0.000000 0.000000 0.000000 1.000000
0.830352 0.182589 0.526476 0.000000 -0.250604 0.966219 0.060152 6.791300 -0.497708 -0.181884 0.848060 0.000000 0.000000 0.000000 0.000000 1.000000
0.838926 0.173702 0.515782 0.000000 -0.232478 0.971262 0.051033 6.791300 -0.492095 -0.162721 0.855199 0.000000 0.000000 0.000000 0.000000 1.000000
0.848189 0.163319 0.503887 0.000000 -0.209788 0.977067 0.036450 6.791300 -0.486378 -0.136626 0.863000 -0.000000 0.000000 0.000000 0.000000 1.000000
0.857753 0.151832 0.491129 0.000000 -0.183887 0.982795 0.017327 6.791300 -0.480048 -0.105174 0.870915 0.000000 0.000000 0.000000 0.000000 1.000000
0.867246 0.139684 0.477884 0.000000 -0.156140 0.987720 -0.005349 6.791300 -0.472763 -0.069978 0.878407 0.000000 0.000000 0.000000 0.000000 1.000000
0.876362 0.127282 0.464530 0.000000 -0.127803 0.991330 -0.030519 6.791300 -0.464387 -0.032623 0.885031 0.000000 0.000000 0.000000 0.000000 1.000000
0.884821 0.115078 0.451495 0.000000 -0.100152 0.993343 -0.056913 6.791300 -0.455039 0.005140 0.890456 -0.000000 0.000000 0.000000 0.000000 1.000000
0.892399 0.103523 0.439212 0.000000 -0.074327 0.993756 -0.083212 6.791300 -0.445084 0.041613 0.894521 0.000000 0.000000 0.000000 0.000000 1.000000
0.898910 0.093063 0.428135 0.000000 -0.051352 0.992825 -0.107991 6.791300 -0.435113 0.075088 0.897239 -0.000000 0.000000 0.000000 0.000000 1.000000
0.904211 0.084133 0.418717 0.000000 -0.032095 0.991018 -0.129817 6.791300 -0.425878 0.103943 0.898790 -0.000000 0.000000 0.000000 0.000000 1.000000
0.908162 0.077217 0.411436 -0.000000 -0.017406 0.988956 -0.147186 6.791300 -0.418257 0.126507 0.899476 -0.000000 0.000000 0.000000 0.000000 1.000000
0.910497 0.073003 0.407021 0.000000 -0.008558 0.987409 -0.157957 6.791300 -0.413427 0.140336 0.899658 0.000000 0.000000 0.000000 0.000000 1.000000
0.911513 0.071138 0.405073 -0.000000 -0.004670 0.986654 -0.162765 6.791300 -0.411246 0.146471 0.899679 -0.000000 0.000000 0.000000 0.000000 1.000000</float_array>
        <technique_common>
          <accessor source="#mixamorig_Head-Matrix-animation-output-transform-array" count="17" stride="16">
            <param type="float4x4"/>
          </accessor>
        </technique_common>
      </source>
      <source id="mixamorig_Head-Interpolations">
        <Name_array id="mixamorig_Head-Interpolations-array" count="17">
 LINEAR LINEAR LINEAR LINEAR LINEAR LINEAR LINEAR LINEAR LINEAR LINEAR LINEAR
LINEAR LINEAR LINEAR LINEAR LINEAR LINEAR</Name_array>
        <technique_common>
          <accessor source="#mixamorig_Head-Interpolations-array" count="17">
            <param type="name"/>
          </accessor>
        </technique_common>
      </source>
      <sampler id="mixamorig_Head-Matrix-animation-transform">
        <input semantic="INPUT" source="#mixamorig_Head-Matrix-animation-input"/>
        <input semantic="OUTPUT" source="#mixamorig_Head-Matrix-animation-output-transform"/>
        <input semantic="INTERPOLATION" source="#mixamorig_Head-Interpolations"/>
      </sampler>
      <channel source="#mixamorig_Head-Matrix-animation-transform" target="mixamorig_Head/matrix"/>
    </animation>
    <animation id="mixamorig_LeftShoulder-anim" name="mixamorig_LeftShoulder">
      <source id="mixamorig_LeftShoulder-Matrix-animation-input">
        <float_array id="mixamorig_LeftShoulder-Matrix-animation-input-array" count="17">

0.000000 0.033333 0.066667 0.100000 0.133333 0.166667 0.200000 0.233333 0.266667 0.300000 0.333333 0.366667 0.400000 0.433333 0.466667 0.500000
0.533333</float_array>
        <technique_common>
          <accessor source="#mixamorig_LeftShoulder-Matrix-animation-input-array" count="17">
            <param name="TIME" type="float"/>
          </accessor>
        </technique_common>
      </source>
      <source id="mixamorig_LeftShoulder-Matrix-animation-output-transform">
        <float_array id="mixamorig_LeftShoulder-Matrix-animation-output-transform-array" count="272">

0.428654 0.765398 -0.480022 11.022900 0.126849 -0.577034 -0.806809 13.234400 -0.894519 0.284951 -0.344438 -1.554100 0.000000 0.000000 0.000000 1.000000
0.495243 0.695680 -0.520349 11.022900 0.078095 -0.632185 -0.770872 13.234400 -0.865237 0.341132 -0.367415 -1.554100 0.000000 0.000000 0.000000 1.000000
0.531492 0.651731 -0.541076 11.022900 0.044930 -0.659558 -0.750310 13.234400 -0.845871 0.374473 -0.379832 -1.554100 0.000000 0.000000 0.000000 1.000000
0.541610 0.638909 -0.546310 11.022900 0.035568 -0.666717 -0.744462 13.234400 -0.839877 0.383777 -0.383825 -1.554100 0.000000 0.000000 0.000000 1.000000
0.544113 0.636011 -0.547203 11.022900 0.033470 -0.668134 -0.743287 13.234400 -0.838344 0.386117 -0.384828 -1.554100 0.000000 0.000000 0.000000 1.000000
0.540136 0.645665 -0.539786 11.022900 0.038249 -0.659570 -0.750670 13.234400 -0.840708 0.384818 -0.380954 -1.554100 0.000000 0.000000 0.000000 1.000000
0.531349 0.665234 -0.524530 11.022900 0.046835 -0.641288 -0.765869 13.234400 -0.845858 0.382377 -0.371904 -1.554100 0.000000 0.000000 0.000000 1.000000
0.518417 0.690652 -0.504226 11.022900 0.055826 -0.615726 -0.785980 13.234400 -0.853304 0.379316 -0.357759 -1.554100 0.000000 0.000000 0.000000 1.000000
0.502377 0.717927 -0.481869 11.022900 0.061765 -0.585674 -0.808190 13.234400 -0.862440 0.376254 -0.338572 -1.554100 0.000000 0.000000 0.000000 1.000000
0.484374 0.742199 -0.463165 11.022900 0.059774 -0.556255 -0.828859 13.234400 -0.872817 0.373793 -0.313799 -1.554100 0.000000 0.000000 0.000000 1.000000
0.465300 0.762286 -0.449907 11.022900 0.049073 -0.529715 -0.846755 13.234400 -0.883792 0.371917 -0.283884 -1.554100 0.000000 0.000000 0.000000 1.000000
0.446833 0.778369 -0.441002 11.022900 0.031136 -0.506182 -0.861865 13.234400 -0.894076 0.371379 -0.250414 -1.554100 0.000000 0.000000 0.000000 1.000000
0.426280 0.792352 -0.436422 11.022900 0.007996 -0.485734 -0.874070 13.234400 -0.904556 0.369109 -0.213394 -1.554100 0.000000 0.000000 0.000000 1.000000
0.406296 0.798128 -0.444876 11.022900 -0.023005 -0.477784 -0.878176 13.234400 -0.913452 0.367034 -0.175761 -1.554100 0.000000 0.000000 0.000000 1.000000
0.387746 0.801183 -0.455805 11.022900 -0.056018 -0.473096 -0.879228 13.234400 -0.920062 0.366451 -0.138561 -1.554100 0.000000 0.000000 0.000000 1.000000
0.365140 0.805323 -0.467041 11.022900 -0.094407 -0.467063 -0.879170 13.234400 -0.926153 0.365112 -0.094515 -1.554100 0.000000 0.000000 0.000000 1.000000
0.351325 0.808076 -0.472847 11.022900 -0.116857 -0.463245 -0.878492 13.234400 -0.928933 0.363891 -0.068320 -1.554100 0.000000 0.000000 0.000000 1.000000</float_array>
        <technique_common>
          <accessor source="#mixamorig_LeftShoulder-Matrix-animation-output-transform-array" count="17" stride="16">
            <param type="float4x4"/>
          </accessor>
        </technique_common>
      </source>
      <source id="mixamorig_LeftShoulder-Interpolations">
        <Name_array id="mixamorig_LeftShoulder-Interpolations-array" count="17">
 LINEAR LINEAR LINEAR LINEAR LINEAR LINEAR LINEAR LINEAR LINEAR LINEAR LINEAR
LINEAR LINEAR LINEAR LINEAR LINEAR LINEAR</Name_array>
        <technique_common>
          <accessor source="#mixamorig_LeftShoulder-Interpolations-array" count="17">
            <param type="name"/>
          </accessor>
        </technique_common>
      </source>
      <sampler id="mixamorig_LeftShoulder-Matrix-animation-transform">
        <input semantic="INPUT" source="#mixamorig_LeftShoulder-Matrix-animation-input"/>
        <input semantic="OUTPUT" source="#mixamorig_LeftShoulder-Matrix-animation-output-transform"/>
        <input semantic="INTERPOLATION" source="#mixamorig_LeftShoulder-Interpolations"/>
      </sampler>
      <channel source="#mixamorig_LeftShoulder-Matrix-animation-transform" target="mixamorig_LeftShoulder/matrix"/>
    </animation>
    <animation id="mixamorig_LeftArm-anim" name="mixamorig_LeftArm">
      <source id="mixamorig_LeftArm-Matrix-animation-input">
        <float_array id="mixamorig_LeftArm-Matrix-animation-input-array" count="17">

0.000000 0.033333 0.066667 0.100000 0.133333 0.166667 0.200000 0.233333 0.266667 0.300000 0.333333 0.366667 0.400000 0.433333 0.466667 0.500000
0.533333</float_array>
        <technique_common>
          <accessor source="#mixamorig_LeftArm-Matrix-animation-input-array" count="17">
            <param name="TIME" type="float"/>
          </accessor>
        </technique_common>
      </source>
      <source id="mixamorig_LeftArm-Matrix-animation-output-transform">
        <float_array id="mixamorig_LeftArm-Matrix-animation-output-transform-array" count="272">

0.884253 -0.303865 -0.354630 0.000000 0.058145 0.825092 -0.561999 16.551600 0.463374 0.476329 0.747258 0.000000 0.000000 0.000000 0.000000 1.000000
0.781355 -0.199251 -0.591425 -0.000000 -0.101330 0.894586 -0.435257 16.551600 0.615805 0.400019 0.678799 -0.000000 0.000000 0.000000 0.000000 1.000000
0.670262 -0.222401 -0.708016 0.000000 -0.093915 0.920950 -0.378194 16.551600 0.736158 0.319983 0.596391 0.000000 0.000000 0.000000 0.000000 1.000000
0.653782 -0.250824 -0.713902 0.000000 -0.060385 0.923160 -0.379645 16.551600 0.754270 0.291314 0.588399 -0.000000 0.000000 0.000000 0.000000 1.000000
0.668602 -0.276960 -0.690119 -0.000000 -0.031532 0.916659 -0.398424 16.551600 0.742952 0.288148 0.604147 0.000000 0.000000 0.000000 0.000000 1.000000
0.685925 -0.284238 -0.669862 0.000000 -0.030831 0.908376 -0.417015 16.551600 0.727019 0.306694 0.614315 0.000000 0.000000 0.000000 0.000000 1.000000
0.700520 -0.283966 -0.654702 0.000000 -0.044373 0.898314 -0.437108 16.551600 0.712252 0.335254 0.616686 0.000000 0.000000 0.000000 0.000000 1.000000
0.718350 -0.288995 -0.632815 0.000000 -0.055001 0.883193 -0.465773 16.551600 0.693504 0.369394 0.618547 0.000000 0.000000 0.000000 0.000000 1.000000
0.737190 -0.305907 -0.602472 0.000000 -0.052878 0.862791 -0.502787 16.551600 0.673614 0.402507 0.619865 -0.000000 0.000000 0.000000 0.000000 1.000000
0.757587 -0.348693 -0.551793 0.000000 -0.015353 0.835603 -0.549119 16.551600 0.652554 0.424477 0.627688 0.000000 0.000000 0.000000 0.000000 1.000000
0.773922 -0.405033 -0.486819 0.000000 0.049278 0.804911 -0.591346 16.551600 0.631360 0.433667 0.642897 0.000000 0.000000 0.000000 0.000000 1.000000
0.767573 -0.479282 -0.425582 0.000000 0.136254 0.770810 -0.622324 16.551600 0.626312 0.419692 0.656957 0.000000 0.000000 0.000000 0.000000 1.000000
0.748611 -0.426308 -0.507783 0.000000 0.046263 0.797595 -0.601416 16.551600 0.661394 0.426735 0.616811 0.000000 0.000000 0.000000 0.000000 1.000000
0.708441 -0.356082 -0.609358 -0.000000 -0.052844 0.834208 -0.548911 16.551600 0.703789 0.421072 0.572171 -0.000000 0.000000 0.000000 0.000000 1.000000
0.672211 -0.323002 -0.666185 0.000000 -0.095601 0.854410 -0.510730 16.551600 0.734162 0.407006 0.543464 -0.000000 0.000000 0.000000 0.000000 1.000000
0.677473 -0.309696 -0.667172 0.000000 -0.109907 0.854237 -0.508133 16.551600 0.727290 0.417574 0.544685 -0.000000 0.000000 0.000000 0.000000 1.000000
0.688924 -0.305856 -0.657142 0.000000 -0.113333 0.850007 -0.514436 16.551600 0.715919 0.428883 0.550926 -0.000000 0.000000 0.000000 0.000000 1.000000</float_array>
        <technique_common>
          <accessor source="#mixamorig_LeftArm-Matrix-animation-output-transform-array" count="17" stride="16">
            <param type="float4x4"/>
          </accessor>
        </technique_common>
      </source>
      <source id="mixamorig_LeftArm-Interpolations">
        <Name_array id="mixamorig_LeftArm-Interpolations-array" count="17">
 LINEAR LINEAR LINEAR LINEAR LINEAR LINEAR LINEAR LINEAR LINEAR LINEAR LINEAR
LINEAR LINEAR LINEAR LINEAR LINEAR LINEAR</Name_array>
        <technique_common>
          <accessor source="#mixamorig_LeftArm-Interpolations-array" count="17">
            <param type="name"/>
          </accessor>
        </technique_common>
      </source>
      <sampler id="mixamorig_LeftArm-Matrix-animation-transform">
        <input semantic="INPUT" source="#mixamorig_LeftArm-Matrix-animation-input"/>
        <input semantic="OUTPUT" source="#mixamorig_LeftArm-Matrix-animation-output-transform"/>
        <input semantic="INTERPOLATION" source="#mixamorig_LeftArm-Interpolations"/>
      </sampler>
      <channel source="#mixamorig_LeftArm-Matrix-animation-transform" target="mixamorig_LeftArm/matrix"/>
    </animation>
    <animation id="mixamorig_LeftForeArm-anim" name="mixamorig_LeftForeArm">
      <source id="mixamorig_LeftForeArm-Matrix-animation-input">
        <float_array id="mixamorig_LeftForeArm-Matrix-animation-input-array" count="17">

0.000000 0.033333 0.066667 0.100000 0.133333 0.166667 0.200000 0.233333 0.266667 0.300000 0.333333 0.366667 0.400000 0.433333 0.466667 0.500000
0.533333</float_array>
        <technique_common>
          <accessor source="#mixamorig_LeftForeArm-Matrix-animation-input-array" count="17">
            <param name="TIME" type="float"/>
          </accessor>
        </technique_common>
      </source>
      <source id="mixamorig_LeftForeArm-Matrix-animation-output-transform">
        <float_array id="mixamorig_LeftForeArm-Matrix-animation-output-transform-array" count="272">

-0.009324 -0.998101 -0.060888 0.000000 -0.233909 0.061379 -0.970319 27.198299 0.972214 0.005195 -0.234037 0.000000 0.000000 0.000000 0.000000 1.000000
0.080965 -0.957486 0.276884 -0.000000 -0.229951 -0.288246 -0.929536 27.198299 0.969828 0.011590 -0.243513 0.000000 0.000000 0.000000 0.000000 1.000000
0.088646 -0.948340 0.304621 0.000000 -0.198923 -0.316519 -0.927494 27.198299 0.975998 0.021622 -0.216705 0.000000 0.000000 0.000000 0.000000 1.000000
0.081550 -0.964293 0.251971 0.000000 -0.193213 -0.263312 -0.945164 27.198299 0.977762 0.028394 -0.207787 0.000000 0.000000 0.000000 0.000000 1.000000
0.069532 -0.983873 0.164801 0.000000 -0.188617 -0.175187 -0.966299 27.198299 0.979586 0.036104 -0.197756 -0.000000 0.000000 0.000000 0.000000 1.000000
0.069298 -0.988979 0.130837 0.000000 -0.180048 -0.141398 -0.973442 27.198299 0.981214 0.043901 -0.187863 0.000000 0.000000 0.000000 0.000000 1.000000
0.066888 -0.994616 0.079151 0.000000 -0.170603 -0.089561 -0.981261 27.198299 0.983067 0.052131 -0.175675 0.000000 0.000000 0.000000 0.000000 1.000000
0.057668 -0.998118 -0.020868 0.000000 -0.169565 0.010806 -0.985460 27.198299 0.983830 0.060368 -0.168623 0.000000 0.000000 0.000000 0.000000 1.000000
0.045483 -0.988839 -0.141879 -0.000000 -0.163764 0.132723 -0.977531 27.198299 0.985450 0.067696 -0.155899 0.000000 0.000000 0.000000 0.000000 1.000000
0.041496 -0.965782 -0.256014 0.000000 -0.131920 0.248696 -0.959556 27.198299 0.990392 0.073591 -0.117086 0.000000 0.000000 0.000000 0.000000 1.000000
0.025135 -0.954281 -0.297851 -0.000000 -0.188241 0.288098 -0.938917 27.198299 0.981801 0.079667 -0.172394 0.000000 0.000000 0.000000 0.000000 1.000000
0.042492 -0.948619 -0.313556 0.000000 -0.145165 0.304647 -0.941338 27.198299 0.988495 0.085517 -0.124761 0.000000 0.000000 0.000000 0.000000 1.000000
0.067324 -0.975545 -0.209235 0.000000 -0.135242 0.198852 -0.970653 27.198299 0.988523 0.093645 -0.118547 -0.000000 0.000000 0.000000 0.000000 1.000000
0.090649 -0.992219 -0.085353 0.000000 -0.121623 0.074034 -0.989812 27.198299 0.988428 0.100107 -0.113965 0.000000 0.000000 0.000000 0.000000 1.000000
0.104047 -0.994557 -0.005612 0.000000 -0.110255 -0.005927 -0.993886 27.198299 0.988442 0.104030 -0.110271 0.000000 0.000000 0.000000 0.000000 1.000000
0.110921 -0.992876 0.043510 0.000000 -0.097100 -0.054397 -0.993787 27.198299 0.989074 0.106007 -0.102442 0.000000 0.000000 0.000000 0.000000 1.000000
0.113523 -0.991342 0.065988 -0.000000 -0.089215 -0.076320 -0.993084 27.198299 0.989522 0.106851 -0.097107 0.000000 0.000000 0.000000 0.000000 1.000000</float_array>
        <technique_common>
