<?xml version="1.0" encoding="utf-8"?>
<COLLADA xmlns="http://www.collada.org/2005/11/COLLADASchema" version="1.4.1">
  <asset>
    <contributor>
      <author>Mixamo</author>
      <authoring_tool>COLLADA Mixamo exporter</authoring_tool>
      <comments/>
    </contributor>
    <created>2025-11-20T10:44:11Z</created>
    <modified>2025-11-20T10:44:11Z</modified>
    <revision/>
    <title/>
    <unit meter="0.010000"/>
    <up_axis>Y_UP</up_axis>
  </asset>
  <library_animations>
    <animation id="mixamorig_Hips-anim" name="mixamorig_Hips">
      <source id="mixamorig_Hips-Matrix-animation-input">
        <float_array id="mixamorig_Hips-Matrix-animation-input-array" count="23">

0.000000 0.033333 0.066667 0.100000 0.133333 0.166667 0.200000 0.233333 0.266667 0.300000 0.333333 0.366667 0.400000 0.433333 0.466667 0.500000
0.533333 0.566667 0.600000 0.633333 0.666667 0.700000 0.733333</float_array>
        <technique_common>
          <accessor source="#mixamorig_Hips-Matrix-animation-input-array" count="23">
            <param name="TIME" type="float"/>
          </accessor>
        </technique_common>
      </source>
      <source id="mixamorig_Hips-Matrix-animation-output-transform">
        <float_array id="mixamorig_Hips-Matrix-animation-output-transform-array" count="368">

0.970325 0.006170 -0.241727 0.203932 -0.046389 0.985856 -0.161048 96.780609 0.237314 0.167482 0.956886 -1.908894 0.000000 0.000000 0.000000 1.000000
0.972871 -0.011298 -0.231073 0.223853 -0.028381 0.985434 -0.167672 97.456749 0.229601 0.169681 0.958380 -1.370479 0.000000 0.000000 0.000000 1.000000
0.977479 -0.026872 -0.209313 0.201580 -0.010344 0.984566 -0.174708 99.208267 0.210778 0.172938 0.962115 -0.620825 0.000000 0.000000 0.000000 1.000000
0.982758 -0.039518 -0.180623 0.198870 0.006510 0.983682 -0.179796 101.555710 0.184781 0.175520 0.966979 0.508765 0.000000 0.000000 0.000000 1.000000
0.985189 -0.040990 -0.166500 0.183220 0.011998 0.985107 -0.171526 104.065048 0.171051 0.166988 0.971008 0.812277 0.000000 0.000000 0.000000 1.000000
0.984236 -0.031152 -0.174094 0.078744 0.004551 0.988501 -0.151147 104.117966 0.176801 0.147972 0.973060 0.248692 0.000000 0.000000 0.000000 1.000000
0.986689 -0.019617 -0.161431 -0.074321 -0.002785 0.990514 -0.137385 101.810875 0.162595 0.136006 0.977274 0.032701 0.000000 0.000000 0.000000 1.000000
0.993278 -0.019436 -0.114106 -0.022682 0.005512 0.992625 -0.121097 98.704590 0.115618 0.119654 0.986060 -0.566428 0.000000 0.000000 0.000000 1.000000
0.995132 -0.040444 -0.089867 0.269544 0.031474 0.994582 -0.099079 97.250320 0.093388 0.095768 0.991013 -1.220504 0.000000 0.000000 0.000000 1.000000
0.991883 -0.053288 -0.115447 0.521367 0.043091 0.995092 -0.089083 95.885559 0.119628 0.083385 0.989311 -1.411893 0.000000 0.000000 0.000000 1.000000
0.989864 -0.047977 -0.133667 0.651928 0.035143 0.994686 -0.096769 95.249130 0.137599 0.091091 0.986291 -0.936314 0.000000 0.000000 0.000000 1.000000
0.992153 -0.022957 -0.122903 0.630350 0.010420 0.994761 -0.101695 95.694069 0.124594 0.099616 0.987195 -0.368332 0.000000 0.000000 0.000000 1.000000
0.994445 0.007936 -0.104954 0.329528 -0.020390 0.992789 -0.118130 96.870720 0.103260 0.119614 0.987436 0.188191 0.000000 0.000000 0.000000 1.000000
0.994551 0.031737 -0.099302 0.236441 -0.046072 0.988274 -0.145577 99.165176 0.093517 0.149359 0.984351 0.687304 0.000000 0.000000 0.000000 1.000000
0.992388 0.047597 -0.113583 0.537152 -0.066538 0.983318 -0.169288 102.589714 0.103630 0.175557 0.979000 0.709697 0.000000 0.000000 0.000000 1.000000
0.989803 0.041485 -0.136269 1.032176 -0.066604 0.980420 -0.185311 106.079765 0.125913 0.192497 0.973186 0.376982 0.000000 0.000000 0.000000 1.000000
0.988610 0.015558 -0.149693 1.509772 -0.044616 0.980228 -0.192775 107.693459 0.143734 0.197258 0.969758 0.222641 0.000000 0.000000 0.000000 1.000000
0.987868 -0.008867 -0.155040 1.849638 -0.021933 0.980394 -0.195821 106.932632 0.153736 0.196846 0.968306 0.193493 0.000000 0.000000 0.000000 1.000000
0.986992 -0.015929 -0.159980 1.640350 -0.015725 0.980743 -0.194668 104.621773 0.160000 0.194651 0.967735 -0.274168 0.000000 0.000000 0.000000 1.000000
0.983585 -0.003418 -0.180415 1.191799 -0.030846 0.981919 -0.186770 102.285057 0.177791 0.189269 0.965695 -1.018987 0.000000 0.000000 0.000000 1.000000
0.974475 0.014291 -0.224041 0.907303 -0.052230 0.985020 -0.164343 100.221863 0.218336 0.171850 0.960623 -1.705045 0.000000 0.000000 0.000000 1.000000
0.967317 0.015484 -0.253095 0.612656 -0.054086 0.987763 -0.146283 98.300789 0.247733 0.155191 0.956318 -2.076373 0.000000 0.000000 0.000000 1.000000
0.968403 0.007797 -0.249267 0.294738 -0.047164 0.987200 -0.152354 97.090271 0.244889 0.159296 0.956376 -2.026078 0.000000 0.000000 0.000000 1.000000</float_array>
        <technique_common>
          <accessor source="#mixamorig_Hips-Matrix-animation-output-transform-array" count="23" stride="16">
            <param type="float4x4"/>
          </accessor>
        </technique_common>
      </source>
      <source id="mixamorig_Hips-Interpolations">
        <Name_array id="mixamorig_Hips-Interpolations-array" count="23">
 LINEAR LINEAR LINEAR LINEAR LINEAR LINEAR LINEAR LINEAR LINEAR LINEAR LINEAR
LINEAR LINEAR LINEAR LINEAR LINEAR LINEAR LINEAR LINEAR LINEAR LINEAR LINEAR LINEAR</Name_array>
        <technique_common>
          <accessor source="#mixamorig_Hips-Interpolations-array" count="23">
            <param type="name"/>
          </accessor>
        </technique_common>
      </source>
      <sampler id="mixamorig_Hips-Matrix-animation-transform">
        <input semantic="INPUT" source="#mixamorig_Hips-Matrix-animation-input"/>
        <input semantic="OUTPUT" source="#mixamorig_Hips-Matrix-animation-output-transform"/>
        <input semantic="INTERPOLATION" source="#mixamorig_Hips-Interpolations"/>
      </sampler>
      <channel source="#mixamorig_Hips-Matrix-animation-transform" target="mixamorig_Hips/matrix"/>
    </animation>
    <animation id="mixamorig_Spine-anim" name="mixamorig_Spine">
      <source id="mixamorig_Spine-Matrix-animation-input">
        <float_array id="mixamorig_Spine-Matrix-animation-input-array" count="23">

0.000000 0.033333 0.066667 0.100000 0.133333 0.166667 0.200000 0.233333 0.266667 0.300000 0.333333 0.366667 0.400000 0.433333 0.466667 0.500000
0.533333 0.566667 0.600000 0.633333 0.666667 0.700000 0.733333</float_array>
        <technique_common>
          <accessor source="#mixamorig_Spine-Matrix-animation-input-array" count="23">
            <param name="TIME" type="float"/>
          </accessor>
        </technique_common>
      </source>
      <source id="mixamorig_Spine-Matrix-animation-output-transform">
        <float_array id="mixamorig_Spine-Matrix-animation-output-transform-array" count="368">

0.997267 -0.046972 -0.057026 -0.006600 0.038753 0.989737 -0.137545 10.822600 0.062901 0.134959 0.988853 -0.430700 0.000000 0.000000 0.000000 1.000000
0.997777 -0.029591 -0.059709 -0.006600 0.021465 0.990962 -0.132416 10.822600 0.063087 0.130840 0.989394 -0.430700 0.000000 0.000000 0.000000 1.000000
0.997712 -0.014554 -0.066024 -0.006600 0.005965 0.991696 -0.128464 10.822600 0.067346 0.127776 0.989514 -0.430700 0.000000 0.000000 0.000000 1.000000
0.997454 -0.002436 -0.071275 -0.006600 -0.006182 0.992702 -0.120439 10.822600 0.071048 0.120573 0.990159 -0.430700 0.000000 0.000000 0.000000 1.000000
0.997503 0.000668 -0.070617 -0.006600 -0.008745 0.993428 -0.114127 10.822600 0.070076 0.114460 0.990953 -0.430700 0.000000 0.000000 0.000000 1.000000
0.997787 0.001547 -0.066471 -0.006600 -0.009217 0.993294 -0.115244 10.822600 0.065847 0.115601 0.991111 -0.430700 0.000000 0.000000 0.000000 1.000000
0.996824 0.006534 -0.079367 -0.006600 -0.015427 0.993593 -0.111958 10.822600 0.078127 0.112826 0.990538 -0.430700 0.000000 0.000000 0.000000 1.000000
0.994047 0.016879 -0.107640 -0.006600 -0.029664 0.992534 -0.118310 10.822600 0.104839 0.120798 0.987125 -0.430700 0.000000 0.000000 0.000000 1.000000
0.992720 0.036910 -0.114646 -0.006600 -0.053189 0.988386 -0.142353 10.822600 0.108061 0.147414 0.983154 -0.430700 0.000000 0.000000 0.000000 1.000000
0.994178 0.045632 -0.097608 -0.006600 -0.059868 0.987131 -0.148286 10.822600 0.089585 0.153266 0.984116 -0.430700 0.000000 0.000000 0.000000 1.000000
0.994912 0.033845 -0.094890 -0.006600 -0.047017 0.989005 -0.140210 10.822600 0.089101 0.143958 0.985564 -0.430700 0.000000 0.000000 0.000000 1.000000
0.994061 0.005928 -0.108663 -0.006600 -0.021515 0.989512 -0.142840 10.822600 0.106676 0.144330 0.983763 -0.430700 0.000000 0.000000 0.000000 1.000000
0.991497 -0.025458 -0.127612 -0.006600 0.007329 0.990044 -0.140567 10.822600 0.129920 0.138436 0.981813 -0.430700 0.000000 0.000000 0.000000 1.000000
0.989353 -0.052892 -0.135583 -0.006600 0.034094 0.989929 -0.137394 10.822600 0.141485 0.131309 0.981193 -0.430700 0.000000 0.000000 0.000000 1.000000
0.988975 -0.076496 -0.126794 -0.006600 0.058649 0.988561 -0.138954 10.822600 0.135973 0.129985 0.982148 -0.430700 0.000000 0.000000 0.000000 1.000000
0.989378 -0.081768 -0.120192 -0.006600 0.065528 0.988899 -0.133360 10.822600 0.129762 0.124067 0.983753 -0.430700 0.000000 0.000000 0.000000 1.000000
0.990212 -0.070494 -0.120461 -0.006600 0.056095 0.991309 -0.118999 10.822600 0.127802 0.111077 0.985560 -0.430700 0.000000 0.000000 0.000000 1.000000
0.991025 -0.061304 -0.118792 -0.006600 0.048315 0.992835 -0.109293 10.822600 0.124641 0.102573 0.986886 -0.430700 0.000000 0.000000 0.000000 1.000000
0.992229 -0.060550 -0.108694 -0.006600 0.048858 0.993038 -0.107183 10.822600 0.114428 0.101039 0.988280 -0.430700 0.000000 0.000000 0.000000 1.000000
0.993909 -0.065719 -0.088468 -0.006600 0.055100 0.991538 -0.117541 10.822600 0.095444 0.111950 0.989120 -0.430700 0.000000 0.000000 0.000000 1.000000
0.994834 -0.066802 -0.076433 -0.006600 0.055117 0.987762 -0.145905 10.822600 0.085244 0.140938 0.986342 -0.430700 0.000000 0.000000 0.000000 1.000000
0.995711 -0.055247 -0.074214 -0.006600 0.042852 0.986300 -0.159298 10.822600 0.081998 0.155435 0.984437 -0.430700 0.000000 0.000000 0.000000 1.000000
0.996801 -0.046759 -0.064814 -0.006600 0.036841 0.988515 -0.146561 10.822600 0.070923 0.143704 0.987076 -0.430700 0.000000 0.000000 0.000000 1.000000</float_array>
        <technique_common>
          <accessor source="#mixamorig_Spine-Matrix-animation-output-transform-array" count="23" stride="16">
            <param type="float4x4"/>
          </accessor>
        </technique_common>
      </source>
      <source id="mixamorig_Spine-Interpolations">
        <Name_array id="mixamorig_Spine-Interpolations-array" count="23">
 LINEAR LINEAR LINEAR LINEAR LINEAR LINEAR LINEAR LINEAR LINEAR LINEAR LINEAR
LINEAR LINEAR LINEAR LINEAR LINEAR LINEAR LINEAR LINEAR LINEAR LINEAR LINEAR LINEAR</Name_array>
        <technique_common>
          <accessor source="#mixamorig_Spine-Interpolations-array" count="23">
            <param type="name"/>
          </accessor>
        </technique_common>
      </source>
      <sampler id="mixamorig_Spine-Matrix-animation-transform">
        <input semantic="INPUT" source="#mixamorig_Spine-Matrix-animation-input"/>
        <input semantic="OUTPUT" source="#mixamorig_Spine-Matrix-animation-output-transform"/>
        <input semantic="INTERPOLATION" source="#mixamorig_Spine-Interpolations"/>
      </sampler>
      <channel source="#mixamorig_Spine-Matrix-animation-transform" target="mixamorig_Spine/matrix"/>
    </animation>
    <animation id="mixamorig_Spine1-anim" name="mixamorig_Spine1">
      <source id="mixamorig_Spine1-Matrix-animation-input">
        <float_array id="mixamorig_Spine1-Matrix-animation-input-array" count="23">

0.000000 0.033333 0.066667 0.100000 0.133333 0.166667 0.200000 0.233333 0.266667 0.300000 0.333333 0.366667 0.400000 0.433333 0.466667 0.500000
0.533333 0.566667 0.600000 0.633333 0.666667 0.700000 0.733333</float_array>
        <technique_common>
          <accessor source="#mixamorig_Spine1-Matrix-animation-input-array" count="23">
            <param name="TIME" type="float"/>
          </accessor>
        </technique_common>
      </source>
      <source id="mixamorig_Spine1-Matrix-animation-output-transform">
        <float_array id="mixamorig_Spine1-Matrix-animation-output-transform-array" count="368">

0.999847 0.001268 -0.017429 0.000000 -0.002705 0.996573 -0.082672 12.655100 0.017265 0.082707 0.996424 0.000000 0.000000 0.000000 0.000000 1.000000
0.999818 0.004526 -0.018510 -0.000000 -0.005983 0.996824 -0.079405 12.655100 0.018091 0.079502 0.996671 -0.000000 0.000000 0.000000 0.000000 1.000000
0.999771 0.005457 -0.020675 0.000000 -0.007084 0.996812 -0.079472 12.655100 0.020176 0.079600 0.996623 0.000000 0.000000 0.000000 0.000000 1.000000
0.999741 0.003683 -0.022446 -0.000000 -0.005453 0.996837 -0.079284 12.655100 0.022083 0.079386 0.996599 0.000000 0.000000 0.000000 0.000000 1.000000
0.999760 0.001800 -0.021836 0.000000 -0.003579 0.996649 -0.081715 12.655100 0.021615 0.081774 0.996417 0.000000 0.000000 0.000000 0.000000 1.000000
0.999781 0.000268 -0.020920 -0.000000 -0.002164 0.995877 -0.090691 12.655100 0.020809 0.090717 0.995659 0.000000 0.000000 0.000000 0.000000 1.000000
0.999669 -0.002385 -0.025611 0.000000 0.000007 0.995718 -0.092445 12.655100 0.025722 0.092414 0.995388 0.000000 0.000000 0.000000 0.000000 1.000000
0.999366 -0.002602 -0.035518 0.000000 -0.000488 0.996232 -0.086723 12.655100 0.035610 0.086686 0.995599 0.000000 0.000000 0.000000 0.000000 1.000000
0.999297 -0.000331 -0.037495 0.000000 -0.002808 0.996492 -0.083642 12.655100 0.037391 0.083688 0.995790 -0.000000 0.000000 0.000000 0.000000 1.000000
0.999518 0.000590 -0.031039 -0.000000 -0.003223 0.996388 -0.084851 12.655100 0.030877 0.084910 0.995910 -0.000000 0.000000 0.000000 0.000000 1.000000
0.999575 -0.002415 -0.029035 0.000000 -0.000022 0.996494 -0.083662 12.655100 0.029135 0.083627 0.996071 0.000000 0.000000 0.000000 0.000000 1.000000
0.999422 -0.009567 -0.032615 -0.000000 0.006805 0.996461 -0.083779 12.655100 0.033302 0.083509 0.995950 0.000000 0.000000 0.000000 0.000000 1.000000
0.999178 -0.014154 -0.037997 0.000000 0.011004 0.996582 -0.081868 12.655100 0.039026 0.081382 0.995919 0.000000 0.000000 0.000000 0.000000 1.000000
0.999022 -0.018095 -0.040349 0.000000 0.014862 0.996761 -0.079041 12.655100 0.041649 0.078364 0.996054 -0.000000 0.000000 0.000000 0.000000 1.000000
0.999008 -0.022316 -0.038547 -0.000000 0.019167 0.996593 -0.080224 12.655100 0.040206 0.079406 0.996031 0.000000 0.000000 0.000000 0.000000 1.000000
0.999054 -0.021632 -0.037723 0.000000 0.018573 0.996651 -0.079636 12.655100 0.039319 0.078860 0.996110 0.000000 0.000000 0.000000 0.000000 1.000000
0.999151 -0.017110 -0.037474 0.000000 0.014192 0.996945 -0.076800 12.655100 0.038674 0.076203 0.996342 0.000000 0.000000 0.000000 0.000000 1.000000
0.999298 -0.012330 -0.035363 0.000000 0.009655 0.997148 -0.074851 12.655100 0.036185 0.074457 0.996568 0.000000 0.000000 0.000000 0.000000 1.000000
0.999470 -0.008883 -0.031310 -0.000000 0.006653 0.997482 -0.070603 12.655100 0.031858 0.070358 0.997013 0.000000 0.000000 0.000000 0.000000 1.000000
0.999653 -0.008426 -0.024962 0.000000 0.006852 0.998024 -0.062454 12.655100 0.025439 0.062262 0.997736 0.000000 0.000000 0.000000 0.000000 1.000000
0.999745 -0.006410 -0.021667 0.000000 0.004923 0.997675 -0.067971 12.655100 0.022052 0.067847 0.997452 0.000000 0.000000 0.000000 0.000000 1.000000
0.999763 -0.001243 -0.021720 0.000000 -0.000605 0.996395 -0.084837 12.655100 0.021748 0.084830 0.996158 0.000000 0.000000 0.000000 0.000000 1.000000
0.999808 0.001359 -0.019523 0.000000 -0.003064 0.996151 -0.087595 12.655100 0.019328 0.087638 0.995965 0.000000 0.000000 0.000000 0.000000 1.000000</float_array>
        <technique_common>
          <accessor source="#mixamorig_Spine1-Matrix-animation-output-transform-array" count="23" stride="16">
            <param type="float4x4"/>
          </accessor>
        </technique_common>
      </source>
      <source id="mixamorig_Spine1-Interpolations">
        <Name_array id="mixamorig_Spine1-Interpolations-array" count="23">
 LINEAR LINEAR LINEAR LINEAR LINEAR LINEAR LINEAR LINEAR LINEAR LINEAR LINEAR
LINEAR LINEAR LINEAR LINEAR LINEAR LINEAR LINEAR LINEAR LINEAR LINEAR LINEAR LINEAR</Name_array>
        <technique_common>
          <accessor source="#mixamorig_Spine1-Interpolations-array" count="23">
            <param type="name"/>
          </accessor>
        </technique_common>
      </source>
      <sampler id="mixamorig_Spine1-Matrix-animation-transform">
        <input semantic="INPUT" source="#mixamorig_Spine1-Matrix-animation-input"/>
        <input semantic="OUTPUT" source="#mixamorig_Spine1-Matrix-animation-output-transform"/>
        <input semantic="INTERPOLATION" source="#mixamorig_Spine1-Interpolations"/>
      </sampler>
      <channel source="#mixamorig_Spine1-Matrix-animation-transform" target="mixamorig_Spine1/matrix"/>
    </animation>
    <animation id="mixamorig_Spine2-anim" name="mixamorig_Spine2">
      <source id="mixamorig_Spine2-Matrix-animation-input">
        <float_array id="mixamorig_Spine2-Matrix-animation-input-array" count="23">

0.000000 0.033333 0.066667 0.100000 0.133333 0.166667 0.200000 0.233333 0.266667 0.300000 0.333333 0.366667 0.400000 0.433333 0.466667 0.500000
0.533333 0.566667 0.600000 0.633333 0.666667 0.700000 0.733333</float_array>
        <technique_common>
          <accessor source="#mixamorig_Spine2-Matrix-animation-input-array" count="23">
            <param name="TIME" type="float"/>
          </accessor>
        </technique_common>
      </source>
      <source id="mixamorig_Spine2-Matrix-animation-output-transform">
        <float_array id="mixamorig_Spine2-Matrix-animation-output-transform-array" count="368">

0.999842 0.001421 -0.017735 -0.000000 -0.002458 0.998281 -0.058566 14.459700 0.017621 0.058600 0.998126 -0.000000 0.000000 0.000000 0.000000 1.000000
0.999813 0.004657 -0.018767 0.000000 -0.005689 0.998454 -0.055300 14.459700 0.018481 0.055396 0.998293 0.000000 0.000000 0.000000 0.000000 1.000000
0.999767 0.005632 -0.020852 0.000000 -0.006780 0.998441 -0.055396 14.459700 0.020508 0.055525 0.998247 0.000000 0.000000 0.000000 0.000000 1.000000
0.999738 0.003927 -0.022532 0.000000 -0.005168 0.998458 -0.055264 14.459700 0.022280 0.055366 0.998218 0.000000 0.000000 0.000000 0.000000 1.000000
0.999758 0.002112 -0.021902 -0.000000 -0.003373 0.998327 -0.057715 14.459700 0.021744 0.057775 0.998093 -0.000000 0.000000 0.000000 0.000000 1.000000
0.999775 0.000704 -0.021184 0.000000 -0.002115 0.997775 -0.066644 14.459700 0.021090 0.066674 0.997552 -0.000000 0.000000 0.000000 0.000000 1.000000
0.999659 -0.001779 -0.026040 -0.000000 -0.000004 0.997662 -0.068344 14.459700 0.026101 0.068321 0.997322 0.000000 0.000000 0.000000 0.000000 1.000000
0.999355 -0.001967 -0.035849 0.000000 -0.000282 0.998037 -0.062623 14.459700 0.035902 0.062593 0.997393 -0.000000 0.000000 0.000000 0.000000 1.000000
0.999291 0.000031 -0.037657 0.000000 -0.002279 0.998217 -0.059652 14.459700 0.037588 0.059696 0.997509 0.000000 0.000000 0.000000 0.000000 1.000000
0.999515 0.000829 -0.031144 -0.000000 -0.002726 0.998140 -0.060910 14.459700 0.031036 0.060965 0.997657 -0.000000 0.000000 0.000000 0.000000 1.000000
0.999572 -0.002185 -0.029156 0.000000 0.000440 0.998215 -0.059715 14.459700 0.029234 0.059676 0.997790 0.000000 0.000000 0.000000 0.000000 1.000000
0.999421 -0.009307 -0.032727 -0.000000 0.007335 0.998180 -0.059863 14.459700 0.033224 0.059588 0.997670 0.000000 0.000000 0.000000 0.000000 1.000000
0.999177 -0.013861 -0.038131 0.000000 0.011638 0.998253 -0.057926 14.459700 0.038867 0.057434 0.997592 0.000000 0.000000 0.000000 0.000000 1.000000
0.999020 -0.017797 -0.040518 0.000000 0.015552 0.998362 -0.055056 14.459700 0.041431 0.054372 0.997661 0.000000 0.000000 0.000000 0.000000 1.000000
0.999005 -0.021970 -0.038801 -0.000000 0.019770 0.998224 -0.056203 14.459700 0.039967 0.055380 0.997665 0.000000 0.000000 0.000000 0.000000 1.000000
0.999049 -0.021250 -0.038061 -0.000000 0.019118 0.998274 -0.055535 14.459700 0.039176 0.054755 0.997731 0.000000 0.000000 0.000000 0.000000 1.000000
0.999145 -0.016693 -0.037817 -0.000000 0.014690 0.998505 -0.052646 14.459700 0.038639 0.052046 0.997897 -0.000000 0.000000 0.000000 0.000000 1.000000
0.999293 -0.011882 -0.035656 0.000000 0.010065 0.998663 -0.050698 14.459700 0.036210 0.050303 0.998077 -0.000000 0.000000 0.000000 0.000000 1.000000
0.999466 -0.008548 -0.031538 0.000000 0.007077 0.998895 -0.046462 14.459700 0.031900 0.046214 0.998422 -0.000000 0.000000 0.000000 0.000000 1.000000
0.999649 -0.008393 -0.025124 0.000000 0.007426 0.999237 -0.038333 14.459700 0.025426 0.038133 0.998949 -0.000000 0.000000 0.000000 0.000000 1.000000
0.999739 -0.006483 -0.021888 0.000000 0.005519 0.999023 -0.043844 14.459700 0.022151 0.043711 0.998799 0.000000 0.000000 0.000000 0.000000 1.000000
0.999756 -0.001098 -0.022063 0.000000 -0.000243 0.998156 -0.060696 14.459700 0.022089 0.060686 0.997912 0.000000 0.000000 0.000000 0.000000 1.000000
0.999801 0.001584 -0.019866 0.000000 -0.002842 0.997980 -0.063472 14.459700 0.019726 0.063516 0.997786 0.000000 0.000000 0.000000 0.000000 1.000000</float_array>
        <technique_common>
          <accessor source="#mixamorig_Spine2-Matrix-animation-output-transform-array" count="23" stride="16">
            <param type="float4x4"/>
          </accessor>
        </technique_common>
      </source>
      <source id="mixamorig_Spine2-Interpolations">
        <Name_array id="mixamorig_Spine2-Interpolations-array" count="23">
 LINEAR LINEAR LINEAR LINEAR LINEAR LINEAR LINEAR LINEAR LINEAR LINEAR LINEAR
LINEAR LINEAR LINEAR LINEAR LINEAR LINEAR LINEAR LINEAR LINEAR LINEAR LINEAR LINEAR</Name_array>
        <technique_common>
          <accessor source="#mixamorig_Spine2-Interpolations-array" count="23">
            <param type="name"/>
          </accessor>
        </technique_common>
      </source>
      <sampler id="mixamorig_Spine2-Matrix-animation-transform">
        <input semantic="INPUT" source="#mixamorig_Spine2-Matrix-animation-input"/>
        <input semantic="OUTPUT" source="#mixamorig_Spine2-Matrix-animation-output-transform"/>
        <input semantic="INTERPOLATION" source="#mixamorig_Spine2-Interpolations"/>
      </sampler>
      <channel source="#mixamorig_Spine2-Matrix-animation-transform" target="mixamorig_Spine2/matrix"/>
    </animation>
    <animation id="mixamorig_Neck-anim" name="mixamorig_Neck">
      <source id="mixamorig_Neck-Matrix-animation-input">
        <float_array id="mixamorig_Neck-Matrix-animation-input-array" count="23">

0.000000 0.033333 0.066667 0.100000 0.133333 0.166667 0.200000 0.233333 0.266667 0.300000 0.333333 0.366667 0.400000 0.433333 0.466667 0.500000
0.533333 0.566667 0.600000 0.633333 0.666667 0.700000 0.733333</float_array>
        <technique_common>
          <accessor source="#mixamorig_Neck-Matrix-animation-input-array" count="23">
            <param name="TIME" type="float"/>
          </accessor>
        </technique_common>
      </source>
      <source id="mixamorig_Neck-Matrix-animation-output-transform">
        <float_array id="mixamorig_Neck-Matrix-animation-output-transform-array" count="368">

0.997717 -0.022773 0.063585 -0.000000 0.026582 0.997861 -0.059721 16.135700 -0.062089 0.061275 0.996188 0.000000 0.000000 0.000000 0.000000 1.000000
0.997690 -0.022036 0.064265 0.000000 0.026051 0.997716 -0.062318 16.135700 -0.062745 0.063848 0.995985 0.000000 0.000000 0.000000 0.000000 1.000000
0.997757 -0.021696 0.063322 0.000000 0.025900 0.997461 -0.066340 16.135700 -0.061722 0.067832 0.995786 -0.000000 0.000000 0.000000 0.000000 1.000000
0.997856 -0.023272 0.061166 -0.000000 0.027927 0.996687 -0.076384 16.135700 -0.059186 0.077929 0.995201 0.000000 0.000000 0.000000 0.000000 1.000000
0.997946 -0.027050 0.058066 -0.000000 0.031867 0.995981 -0.083709 16.135700 -0.055569 0.085387 0.994797 -0.000000 0.000000 0.000000 0.000000 1.000000
0.997981 -0.029858 0.056063 0.000000 0.034229 0.996310 -0.078705 16.135700 -0.053507 0.080465 0.995320 -0.000000 0.000000 0.000000 0.000000 1.000000
0.997838 -0.036493 0.054660 -0.000000 0.040592 0.996293 -0.075849 16.135700 -0.051689 0.077903 0.995620 -0.000000 0.000000 0.000000 0.000000 1.000000
0.997806 -0.040656 0.052255 -0.000000 0.044622 0.996022 -0.077127 16.135700 -0.048912 0.079289 0.995651 0.000000 0.000000 0.000000 0.000000 1.000000
0.998235 -0.033213 0.049225 0.000000 0.037117 0.996052 -0.080641 16.135700 -0.046352 0.082325 0.995527 -0.000000 0.000000 0.000000 0.000000 1.000000
0.998456 -0.023683 0.050243 0.000000 0.027994 0.995821 -0.086929 16.135700 -0.047975 0.088201 0.994947 0.000000 0.000000 0.000000 0.000000 1.000000
0.998376 -0.021271 0.052842 0.000000 0.025848 0.995829 -0.087501 16.135700 -0.050760 0.088725 0.994762 0.000000 0.000000 0.000000 0.000000 1.000000
0.998312 -0.024678 0.052568 -0.000000 0.028865 0.996342 -0.080438 16.135700 -0.050390 0.081820 0.995372 -0.000000 0.000000 0.000000 0.000000 1.000000
0.998073 -0.033592 0.052166 0.000000 0.037624 0.996216 -0.078343 16.135700 -0.049337 0.080155 0.995561 0.000000 0.000000 0.000000 0.000000 1.000000
0.997785 -0.044295 0.049622 0.000000 0.048154 0.995673 -0.079482 16.135700 -0.045886 0.081695 0.995600 0.000000 0.000000 0.000000 0.000000 1.000000
0.997606 -0.052020 0.045572 0.000000 0.055302 0.995725 -0.073983 16.135700 -0.041528 0.076326 0.996218 0.000000 0.000000 0.000000 0.000000 1.000000
0.997369 -0.057141 0.044600 -0.000000 0.060266 0.995568 -0.072195 16.135700 -0.040277 0.074693 0.996393 0.000000 0.000000 0.000000 0.000000 1.000000
0.997268 -0.058006 0.045740 -0.000000 0.061372 0.995218 -0.075996 16.135700 -0.041113 0.078595 0.996058 0.000000 0.000000 0.000000 0.000000 1.000000
0.997413 -0.055341 0.045887 0.000000 0.058695 0.995433 -0.075287 16.135700 -0.041511 0.077785 0.996106 0.000000 0.000000 0.000000 0.000000 1.000000
0.997579 -0.053780 0.044080 0.000000 0.056848 0.995814 -0.071580 16.135700 -0.040046 0.073912 0.996460 0.000000 0.000000 0.000000 0.000000 1.000000
0.997732 -0.050311 0.044729 0.000000 0.053490 0.995899 -0.072966 16.135700 -0.040874 0.075193 0.996331 0.000000 0.000000 0.000000 0.000000 1.000000
0.997796 -0.036474 0.055426 0.000000 0.040373 0.996663 -0.070937 16.135700 -0.052654 0.073019 0.995940 0.000000 0.000000 0.000000 0.000000 1.000000
0.997579 -0.024217 0.065182 0.000000 0.028070 0.997871 -0.058870 16.135700 -0.063618 0.060557 0.996135 0.000000 0.000000 0.000000 0.000000 1.000000
0.997626 -0.022327 0.065144 0.000000 0.025954 0.998128 -0.055375 16.135700 -0.063786 0.056935 0.996338 0.000000 0.000000 0.000000 0.000000 1.000000</float_array>
        <technique_common>
          <accessor source="#mixamorig_Neck-Matrix-animation-output-transform-array" count="23" stride="16">
            <param type="float4x4"/>
          </accessor>
        </technique_common>
      </source>
      <source id="mixamorig_Neck-Interpolations">
        <Name_array id="mixamorig_Neck-Interpolations-array" count="23">
 LINEAR LINEAR LINEAR LINEAR LINEAR LINEAR LINEAR LINEAR LINEAR LINEAR LINEAR
LINEAR LINEAR LINEAR LINEAR LINEAR LINEAR LINEAR LINEAR LINEAR LINEAR LINEAR LINEAR</Name_array>
        <technique_common>
          <accessor source="#mixamorig_Neck-Interpolations-array" count="23">
            <param type="name"/>
          </accessor>
        </technique_common>
      </source>
      <sampler id="mixamorig_Neck-Matrix-animation-transform">
        <input semantic="INPUT" source="#mixamorig_Neck-Matrix-animation-input"/>
        <input semantic="OUTPUT" source="#mixamorig_Neck-Matrix-animation-output-transform"/>
        <input semantic="INTERPOLATION" source="#mixamorig_Neck-Interpolations"/>
      </sampler>
      <channel source="#mixamorig_Neck-Matrix-animation-transform" target="mixamorig_Neck/matrix"/>
    </animation>
    <animation id="mixamorig_Head-anim" name="mixamorig_Head">
      <source id="mixamorig_Head-Matrix-animation-input">
        <float_array id="mixamorig_Head-Matrix-animation-input-array" count="23">

0.000000 0.033333 0.066667 0.100000 0.133333 0.166667 0.200000 0.233333 0.266667 0.300000 0.333333 0.366667 0.400000 0.433333 0.466667 0.500000
0.533333 0.566667 0.600000 0.633333 0.666667 0.700000 0.733333</float_array>
        <technique_common>
          <accessor source="#mixamorig_Head-Matrix-animation-input-array" count="23">
            <param name="TIME" type="float"/>
          </accessor>
        </technique_common>
      </source>
      <source id="mixamorig_Head-Matrix-animation-output-transform">
        <float_array id="mixamorig_Head-Matrix-animation-output-transform-array" count="368">

0.937405 -0.165946 0.306160 0.000000 0.201192 0.975665 -0.087179 6.791300 -0.284243 0.143319 0.947980 0.000000 0.000000 0.000000 0.000000 1.000000
0.935024 -0.181054 0.304877 -0.000000 0.213073 0.974157 -0.074959 6.791300 -0.283426 0.135049 0.949437 0.000000 0.000000 0.000000 0.000000 1.000000
0.935480 -0.190188 0.297835 -0.000000 0.220929 0.972563 -0.072877 6.791300 -0.275803 0.133975 0.951832 0.000000 0.000000 0.000000 0.000000 1.000000
0.938467 -0.189327 0.288851 0.000000 0.220059 0.972394 -0.077610 6.791300 -0.266184 0.136399 0.954223 0.000000 0.000000 0.000000 0.000000 1.000000
0.942888 -0.180376 0.280048 0.000000 0.212151 0.973323 -0.087378 6.791300 -0.256816 0.141800 0.956001 -0.000000 0.000000 0.000000 0.000000 1.000000
0.944964 -0.175527 0.276104 0.000000 0.209871 0.972605 -0.099968 6.791300 -0.250993 0.152412 0.955915 0.000000 0.000000 0.000000 0.000000 1.000000
0.943600 -0.182816 0.276037 0.000000 0.216750 0.971333 -0.097631 6.791300 -0.250276 0.151956 0.956175 0.000000 0.000000 0.000000 0.000000 1.000000
0.943545 -0.199832 0.264178 0.000000 0.226888 0.970959 -0.075896 6.791300 -0.241340 0.131550 0.961483 -0.000000 0.000000 0.000000 0.000000 1.000000
0.947629 -0.214551 0.236574 0.000000 0.236064 0.969469 -0.066364 6.791300 -0.215112 0.118734 0.969345 0.000000 0.000000 0.000000 0.000000 1.000000
0.949479 -0.212031 0.231372 0.000000 0.236295 0.968178 -0.082434 6.791300 -0.206530 0.132941 0.969367 0.000000 0.000000 0.000000 0.000000 1.000000
0.948798 -0.199725 0.244728 0.000000 0.229082 0.968487 -0.097748 6.791300 -0.217493 0.148806 0.964652 0.000000 0.000000 0.000000 0.000000 1.000000
0.947533 -0.201879 0.247842 0.000000 0.231621 0.967950 -0.097075 6.791300 -0.220301 0.149388 0.963925 0.000000 0.000000 0.000000 0.000000 1.000000
0.945287 -0.202172 0.256045 -0.000000 0.231727 0.968538 -0.090756 6.791300 -0.229641 0.145123 0.962395 -0.000000 0.000000 0.000000 0.000000 1.000000
0.947412 -0.188029 0.258951 0.000000 0.217842 0.971691 -0.091443 6.791300 -0.234426 0.143045 0.961552 0.000000 0.000000 0.000000 0.000000 1.000000
0.952704 -0.165848 0.254655 0.000000 0.196943 0.975123 -0.101730 6.791300 -0.231448 0.147071 0.961666 0.000000 0.000000 0.000000 0.000000 1.000000
0.953771 -0.150246 0.260283 0.000000 0.184756 0.976208 -0.113506 6.791300 -0.237036 0.156347 0.958837 0.000000 0.000000 0.000000 0.000000 1.000000
0.952448 -0.144926 0.268029 0.000000 0.183726 0.974902 -0.125737 6.791300 -0.243080 0.169002 0.955170 0.000000 0.000000 0.000000 0.000000 1.000000
0.953081 -0.143528 0.266527 0.000000 0.184249 0.973627 -0.134549 6.791300 -0.240186 0.177343 0.954390 0.000000 0.000000 0.000000 0.000000 1.000000
0.955272 -0.148710 0.255618 -0.000000 0.186930 0.973428 -0.132271 6.791300 -0.229155 0.174138 0.957687 0.000000 0.000000 0.000000 0.000000 1.000000
0.954696 -0.159463 0.251251 0.000000 0.193391 0.974173 -0.116560 6.791300 -0.226176 0.159869 0.960878 0.000000 0.000000 0.000000 0.000000 1.000000
0.944249 -0.170293 0.281768 0.000000 0.201584 0.975702 -0.085850 6.791300 -0.260302 0.137864 0.955634 0.000000 0.000000 0.000000 0.000000 1.000000
0.934060 -0.169725 0.314206 -0.000000 0.203584 0.975943 -0.078029 6.791300 -0.293403 0.136851 0.946143 0.000000 0.000000 0.000000 0.000000 1.000000
0.935131 -0.165235 0.313413 0.000000 0.201686 0.975538 -0.087454 6.791300 -0.291296 0.144991 0.945581 0.000000 0.000000 0.000000 0.000000 1.000000</float_array>
        <technique_common>
          <accessor source="#mixamorig_Head-Matrix-animation-output-transform-array" count="23" stride="16">
            <param type="float4x4"/>
          </accessor>
        </technique_common>
      </source>
      <source id="mixamorig_Head-Interpolations">
        <Name_array id="mixamorig_Head-Interpolations-array" count="23">
 LINEAR LINEAR LINEAR LINEAR LINEAR LINEAR LINEAR LINEAR LINEAR LINEAR LINEAR
LINEAR LINEAR LINEAR LINEAR LINEAR LINEAR LINEAR LINEAR LINEAR LINEAR LINEAR LINEAR</Name_array>
        <technique_common>
          <accessor source="#mixamorig_Head-Interpolations-array" count="23">
            <param type="name"/>
          </accessor>
        </technique_common>
      </source>
      <sampler id="mixamorig_Head-Matrix-animation-transform">
        <input semantic="INPUT" source="#mixamorig_Head-Matrix-animation-input"/>
        <input semantic="OUTPUT" source="#mixamorig_Head-Matrix-animation-output-transform"/>
        <input semantic="INTERPOLATION" source="#mixamorig_Head-Interpolations"/>
      </sampler>
      <channel source="#mixamorig_Head-Matrix-animation-transform" target="mixamorig_Head/matrix"/>
    </animation>
    <animation id="mixamorig_LeftShoulder-anim" name="mixamorig_LeftShoulder">
      <source id="mixamorig_LeftShoulder-Matrix-animation-input">
        <float_array id="mixamorig_LeftShoulder-Matrix-animation-input-array" count="23">

0.000000 0.033333 0.066667 0.100000 0.133333 0.166667 0.200000 0.233333 0.266667 0.300000 0.333333 0.366667 0.400000 0.433333 0.466667 0.500000
0.533333 0.566667 0.600000 0.633333 0.666667 0.700000 0.733333</float_array>
        <technique_common>
          <accessor source="#mixamorig_LeftShoulder-Matrix-animation-input-array" count="23">
            <param name="TIME" type="float"/>
          </accessor>
        </technique_common>
      </source>
      <source id="mixamorig_LeftShoulder-Matrix-animation-output-transform">
        <float_array id="mixamorig_LeftShoulder-Matrix-animation-output-transform-array" count="368">

0.200864 0.940623 -0.273646 11.022900 0.019935 -0.283206 -0.958852 13.234400 -0.979416 0.187144 -0.075638 -1.554100 0.000000 0.000000 0.000000 1.000000
0.221437 0.938413 -0.265228 11.022900 0.022999 -0.276930 -0.960615 13.234400 -0.974903 0.206616 -0.082905 -1.554100 0.000000 0.000000 0.000000 1.000000
0.249138 0.934340 -0.254832 11.022900 0.027632 -0.269880 -0.962498 13.234400 -0.968074 0.232753 -0.093055 -1.554100 0.000000 0.000000 0.000000 1.000000
0.289743 0.925596 -0.243558 11.022900 0.034565 -0.264427 -0.963786 13.234400 -0.956480 0.270832 -0.108609 -1.554100 0.000000 0.000000 0.000000 1.000000
0.327476 0.915120 -0.235191 11.022900 0.040329 -0.262227 -0.964163 13.234400 -0.943998 0.306256 -0.122779 -1.554100 0.000000 0.000000 0.000000 1.000000
0.346814 0.909758 -0.228169 11.022900 0.043295 -0.258536 -0.965031 13.234400 -0.936934 0.324808 -0.129051 -1.554100 0.000000 0.000000 0.000000 1.000000
0.371161 0.902868 -0.216952 11.022900 0.048680 -0.252240 -0.966440 13.234400 -0.927291 0.348144 -0.137573 -1.554100 0.000000 0.000000 0.000000 1.000000
0.399719 0.893434 -0.204940 11.022900 0.055448 -0.246736 -0.967495 13.234400 -0.914959 0.375363 -0.148164 -1.554100 0.000000 0.000000 0.000000 1.000000
0.420220 0.884892 -0.200949 11.022900 0.058676 -0.247484 -0.967114 13.234400 -0.905523 0.394610 -0.155920 -1.554100 0.000000 0.000000 0.000000 1.000000
0.427533 0.879319 -0.209795 11.022900 0.056080 -0.257425 -0.964670 13.234400 -0.902259 0.400663 -0.159370 -1.554100 0.000000 0.000000 0.000000 1.000000
0.428695 0.875475 -0.223077 11.022900 0.051554 -0.270220 -0.961417 13.234400 -0.901977 0.400655 -0.160976 -1.554100 0.000000 0.000000 0.000000 1.000000
0.429859 0.872728 -0.231446 11.022900 0.049084 -0.278546 -0.959168 13.234400 -0.901561 0.400947 -0.162572 -1.554100 0.000000 0.000000 0.000000 1.000000
0.423174 0.876812 -0.228308 11.022900 0.050404 -0.274373 -0.960301 13.234400 -0.904645 0.394867 -0.160303 -1.554100 0.000000 0.000000 0.000000 1.000000
0.413868 0.886017 -0.209013 11.022900 0.057059 -0.254396 -0.965415 13.234400 -0.908547 0.387629 -0.155842 -1.554100 0.000000 0.000000 0.000000 1.000000
0.404214 0.893833 -0.194096 11.022900 0.061849 -0.238429 -0.969188 13.234400 -0.912571 0.379754 -0.151659 -1.554100 0.000000 0.000000 0.000000 1.000000
0.394021 0.897753 -0.196944 11.022900 0.060575 -0.239179 -0.969084 13.234400 -0.917103 0.369909 -0.148623 -1.554100 0.000000 0.000000 0.000000 1.000000
0.385737 0.898364 -0.210117 11.022900 0.056288 -0.250233 -0.966548 13.234400 -0.920890 0.361006 -0.147092 -1.554100 0.000000 0.000000 0.000000 1.000000
0.377949 0.898311 -0.224036 11.022900 0.051801 -0.262124 -0.963643 13.234400 -0.924376 0.352603 -0.145603 -1.554100 0.000000 0.000000 0.000000 1.000000
0.377322 0.897578 -0.227996 11.022900 0.050805 -0.265886 -0.962665 13.234400 -0.924687 0.351652 -0.145926 -1.554100 0.000000 0.000000 0.000000 1.000000
0.371247 0.898801 -0.233093 11.022900 0.049078 -0.269676 -0.961700 13.234400 -0.927236 0.345588 -0.144228 -1.554100 0.000000 0.000000 0.000000 1.000000
0.295051 0.917349 -0.267238 11.022900 0.032968 -0.289297 -0.956672 13.234400 -0.954912 0.273457 -0.115601 -1.554100 0.000000 0.000000 0.000000 1.000000
0.203827 0.935072 -0.289990 11.022900 0.017839 -0.299707 -0.953865 13.234400 -0.978844 0.189250 -0.077769 -1.554100 0.000000 0.000000 0.000000 1.000000
0.189503 0.941154 -0.279853 11.022900 0.017221 -0.288159 -0.957428 13.234400 -0.981729 0.176616 -0.070815 -1.554100 0.000000 0.000000 0.000000 1.000000</float_array>
        <technique_common>
          <accessor source="#mixamorig_LeftShoulder-Matrix-animation-output-transform-array" count="23" stride="16">
            <param type="float4x4"/>
          </accessor>
        </technique_common>
      </source>
      <source id="mixamorig_LeftShoulder-Interpolations">
        <Name_array id="mixamorig_LeftShoulder-Interpolations-array" count="23">
 LINEAR LINEAR LINEAR LINEAR LINEAR LINEAR LINEAR LINEAR LINEAR LINEAR LINEAR
LINEAR LINEAR LINEAR LINEAR LINEAR LINEAR LINEAR LINEAR LINEAR LINEAR LINEAR LINEAR</Name_array>
        <technique_common>
          <accessor source="#mixamorig_LeftShoulder-Interpolations-array" count="23">
            <param type="name"/>
          </accessor>
        </technique_common>
      </source>
      <sampler id="mixamorig_LeftShoulder-Matrix-animation-transform">
        <input semantic="INPUT" source="#mixamorig_LeftShoulder-Matrix-animation-input"/>
        <input semantic="OUTPUT" source="#mixamorig_LeftShoulder-Matrix-animation-output-transform"/>
        <input semantic="INTERPOLATION" source="#mixamorig_LeftShoulder-Interpolations"/>
      </sampler>
      <channel source="#mixamorig_LeftShoulder-Matrix-animation-transform" target="mixamorig_LeftShoulder/matrix"/>
    </animation>
    <animation id="mixamorig_LeftArm-anim" name="mixamorig_LeftArm">
      <source id="mixamorig_LeftArm-Matrix-animation-input">
        <float_array id="mixamorig_LeftArm-Matrix-animation-input-array" count="23">

0.000000 0.033333 0.066667 0.100000 0.133333 0.166667 0.200000 0.233333 0.266667 0.300000 0.333333 0.366667 0.400000 0.433333 0.466667 0.500000
0.533333 0.566667 0.600000 0.633333 0.666667 0.700000 0.733333</float_array>
        <technique_common>
          <accessor source="#mixamorig_LeftArm-Matrix-animation-input-array" count="23">
            <param name="TIME" type="float"/>
          </accessor>
        </technique_common>
      </source>
      <source id="mixamorig_LeftArm-Matrix-animation-output-transform">
        <float_array id="mixamorig_LeftArm-Matrix-animation-output-transform-array" count="368">

0.005301 -0.906537 -0.422093 0.000000 0.797304 0.258596 -0.545376 16.551600 0.603555 -0.333645 0.724156 0.000000 0.000000 0.000000 0.000000 1.000000
